13 0.5796129032258065 0.32751726644856416 0.004129032258064516 0.003998545983278807
13 0.3785806451612903 0.3885859687386405 0.0025806451612903226 0.002544529262086514
13 0.2921290322580645 0.29325699745547074 0.005161290322580645 0.002362777171937477
13 0.04 0.339058524173028 0.00464516129032258 0.0019992729916394037
13 0.05703225806451613 0.3306070519810978 0.005161290322580645 0.0014540167211922936
13 0.04632258064516129 0.3327880770628862 0.004903225806451613 0.0018175209014903672
13 0.023096774193548386 0.40966921119592875 0.004903225806451613 0.003271537622682661
13 0.05845161290322581 0.4507451835696111 0.0033548387096774194 0.0036350418029807343
13 0.04619354838709677 0.4547437295528899 0.0036129032258064514 0.003998545983278807
13 0.30206451612903223 0.20801526717557253 0.0064516129032258064 0.0027262813522355507
13 0.29935483870967744 0.21292257360959652 0.005161290322580645 0.002362777171937477
13 0.29806451612903223 0.21501272264631044 0.005161290322580645 0.002544529262086514
13 0.29806451612903223 0.21646673936750271 0.005161290322580645 0.0021810250817884407
13 0.2958709677419355 0.21964740094511087 0.004387096774193549 0.0019992729916394037
13 0.29470967741935483 0.22110141766630317 0.00464516129032258 0.002362777171937477
13 0.29354838709677417 0.2267357324609233 0.004387096774193549 0.0019992729916394037
13 0.2926451612903226 0.2287350054525627 0.00464516129032258 0.002362777171937477
13 0.2886451612903226 0.20965103598691384 0.004387096774193549 0.002362777171937477
13 0.2874838709677419 0.2113776808433297 0.004129032258064516 0.0021810250817884407
13 0.29458064516129034 0.30661577608142493 0.004903225806451613 0.0021810250817884407
9 0.37961290322580643 0.7292802617230099 0.01032258064516129 0.003816793893129771
10 0.9143225806451613 0.5039076699382042 0.04232258064516129 0.029989094874591057
9 0.2903225806451613 0.6626681206833879 0.003096774193548387 0.005089058524173028
13 0.14129032258064517 0.6287713558705925 0.004903225806451613 0.0027262813522355507
9 0.22425806451612904 0.6865685205379862 0.005161290322580645 0.0034532897128316978
9 0.22683870967741934 0.6848418756815703 0.005161290322580645 0.003271537622682661
9 0.22864516129032258 0.6832969829153035 0.005161290322580645 0.0030897855325336242
9 0.25109677419354837 0.6713013449654671 0.00464516129032258 0.0045438022537259174
9 0.2541935483870968 0.6702108324245729 0.00567741935483871 0.004907306434023991
9 0.2601290322580645 0.6683933115230826 0.005161290322580645 0.0045438022537259174
9 0.4112258064516129 0.69810977826245 0.005419354838709678 0.004725554343874954
13 0.28361290322580646 0.2712649945474373 0.003096774193548387 0.003816793893129771
9 0.5834838709677419 0.5433478735005453 0.006193548387096774 0.0027262813522355507
9 0.5841290322580646 0.5411668484187568 0.007483870967741935 0.0034532897128316978
9 0.5854193548387097 0.539076699382043 0.008 0.0036350418029807343
9 0.5427096774193548 0.6704834605597965 0.00929032258064516 0.0021810250817884407
9 0.5429677419354839 0.6971101417666303 0.0025806451612903226 0.004180298073427844
13 0.27561290322580645 0.272446383133406 0.0036129032258064514 0.0036350418029807343
13 0.2852903225806452 0.2774445656125045 0.003870967741935484 0.0034532897128316978
13 0.2864516129032258 0.21328607778989458 0.004129032258064516 0.0019992729916394037
13 0.2827096774193548 0.22064703744093056 0.004903225806451613 0.0021810250817884407
13 0.28206451612903227 0.22237368229734641 0.005161290322580645 0.002362777171937477
13 0.2424516129032258 0.2605416212286441 0.0033548387096774194 0.0027262813522355507
13 0.20980645161290323 0.22191930207197383 0.004129032258064516 0.0029080334423845873
13 0.21225806451612902 0.22255543438749545 0.003870967741935484 0.002362777171937477
13 0.26283870967741935 0.26653944020356235 0.0033548387096774194 0.0034532897128316978
13 0.256 0.26481279534714647 0.0036129032258064514 0.003271537622682661
13 0.2505806451612903 0.2634496546710287 0.0036129032258064514 0.0034532897128316978
13 0.24864516129032257 0.26263177026535806 0.002838709677419355 0.0029080334423845873
13 0.2463225806451613 0.26163213376953837 0.0033548387096774194 0.0027262813522355507
13 0.2603870967741935 0.27253725917848054 0.00464516129032258 0.0019992729916394037
13 0.20529032258064517 0.22046528535078153 0.004903225806451613 0.003271537622682661
13 0.25225806451612903 0.26999272991639406 0.004387096774193549 0.0019992729916394037
13 0.24567741935483872 0.2684478371501272 0.004129032258064516 0.0021810250817884407
13 0.24038709677419354 0.26663031624863687 0.004387096774193549 0.002544529262086514
13 0.23290322580645162 0.26481279534714647 0.004903225806451613 0.0021810250817884407
13 0.316 0.2657215557978917 0.0033548387096774194 0.0029080334423845873
13 0.31109677419354836 0.2645401672119229 0.0033548387096774194 0.0034532897128316978
13 0.2892903225806452 0.2357324609233006 0.00464516129032258 0.002544529262086514
13 0.20748387096774193 0.2212831697564522 0.00464516129032258 0.0030897855325336242
13 0.2232258064516129 0.23982188295165394 0.0036129032258064514 0.0034532897128316978
13 0.2807741935483871 0.22419120319883679 0.00567741935483871 0.002362777171937477
13 0.2583225806451613 0.2212831697564522 0.0036129032258064514 0.0034532897128316978
13 0.2794838709677419 0.22737186477644494 0.0036129032258064514 0.003271537622682661
13 0.2739354838709677 0.22600872410032716 0.003870967741935484 0.0030897855325336242
13 0.27148387096774196 0.22528171573973102 0.004129032258064516 0.0034532897128316978
13 0.2689032258064516 0.22455470737913485 0.004129032258064516 0.0034532897128316978
13 0.2663225806451613 0.22391857506361323 0.004129032258064516 0.003271537622682661
13 0.26348387096774195 0.22291893856779352 0.004129032258064516 0.0034532897128316978
13 0.2603870967741935 0.22201017811704835 0.00464516129032258 0.0034532897128316978
13 0.256 0.22064703744093056 0.0036129032258064514 0.003271537622682661
13 0.22503225806451613 0.2360959651035987 0.003096774193548387 0.0029080334423845873
13 0.25367741935483873 0.21992002908033442 0.0036129032258064514 0.0036350418029807343
13 0.25174193548387097 0.21964740094511087 0.0033548387096774194 0.0034532897128316978
13 0.24929032258064515 0.21873864049436567 0.00464516129032258 0.0030897855325336242
13 0.24193548387096775 0.2320974191203199 0.004903225806451613 0.002544529262086514
13 0.23741935483870968 0.24127589967284624 0.005161290322580645 0.0019992729916394037
13 0.2352258064516129 0.24463831334060343 0.004387096774193549 0.0021810250817884407
13 0.22683870967741934 0.23237004725554344 0.0036129032258064514 0.0030897855325336242
13 0.27225806451612905 0.549618320610687 0.00464516129032258 0.0036350418029807343
13 0.38567741935483874 0.38240639767357326 0.0033548387096774194 0.0036350418029807343
13 0.3753548387096774 0.41912031988367865 0.002838709677419355 0.003271537622682661
13 0.37651612903225806 0.3346055979643766 0.003096774193548387 0.002544529262086514
9 0.9181935483870968 0.2218284260268993 0.004129032258064516 0.0045438022537259174
9 0.7163870967741935 0.40921483097055616 0.006709677419354839 0.004180298073427844
9 0.8930322580645161 0.6191384950926936 0.012129032258064516 0.005634314794620138
9 0.867225806451613 0.6623046165030898 0.010580645161290323 0.005089058524173028
9 0.820516129032258 0.7599054889131225 0.008 0.008360596146855689
9 0.7460645161290322 0.7754452926208651 0.012903225806451613 0.0059978189749182115
13 0.1655483870967742 0.3099781897491821 0.004387096774193549 0.0027262813522355507
13 0.18580645161290324 0.015539803707742638 0.003096774193548387 0.0034532897128316978
13 0.19032258064516128 0.01663031624863686 0.0033548387096774194 0.0034532897128316978
13 0.1696774193548387 0.042166484914576516 0.004903225806451613 0.0036350418029807343
13 0.1918709677419355 0.023446019629225736 0.005419354838709678 0.002544529262086514
13 0.20103225806451613 0.026172300981461286 0.00464516129032258 0.002544529262086514
13 0.21070967741935484 0.02917121046892039 0.005419354838709678 0.0027262813522355507
13 0.1801290322580645 0.02390039985459833 0.0036129032258064514 0.0034532897128316978
13 0.1824516129032258 0.024627408215194473 0.0036129032258064514 0.0034532897128316978
13 0.18374193548387097 0.02699018538713195 0.003096774193548387 0.0030897855325336242
13 0.23935483870967741 0.022537259178480554 0.005419354838709678 0.002544529262086514
9 0.9140645161290323 0.22264631043256997 0.004129032258064516 0.0054525627044711015
9 0.9107096774193548 0.2217375499818248 0.004129032258064516 0.0058160668847691745
9 0.9243870967741935 0.22273718647764448 0.006193548387096774 0.006361323155216285
10 0.7378064516129033 0.20365321701199562 0.03974193548387097 0.027808069792802616
10 0.19961290322580647 0.774900036350418 0.04670967741935484 0.029625590694292984
10 0.22890322580645162 0.7267357324609233 0.04593548387096774 0.030352599054889132
10 0.26206451612903225 0.6971101417666303 0.04670967741935484 0.033987640857869865
10 0.4063225806451613 0.7377317339149401 0.03380645161290322 0.026172300981461286
10 0.36929032258064515 0.8309705561613958 0.03974193548387097 0.027989821882951654
10 0.5859354838709677 0.613776808433297 0.04825806451612903 0.029807342784442022
10 0.6540645161290323 0.3088876772082879 0.03587096774193548 0.029989094874591057
10 0.7655483870967742 0.1529443838604144 0.03948387096774193 0.027444565612504544
9 0.928258064516129 0.22410032715376227 0.006193548387096774 0.0061795710650672485
10 0.5219354838709678 0.2218284260268993 0.04670967741935484 0.029989094874591057
10 0.7620645161290323 0.7579970919665576 0.04490322580645161 0.028898582333696837
10 0.8198709677419355 0.690385314431116 0.029419354838709676 0.018356961105052708
10 0.8487741935483871 0.6423118865866958 0.02993548387096774 0.018538713195201745
10 0.8771612903225806 0.5943293347873501 0.030451612903225806 0.023264267539076698
10 0.704 0.6975645219920029 0.04748387096774193 0.029807342784442022
9 0.9255483870967742 0.23146128680479824 0.011096774193548388 0.004180298073427844
13 0.24116129032258066 0.020719738276990186 0.005419354838709678 0.0029080334423845873
13 0.24387096774193548 0.017448200654307525 0.005161290322580645 0.0029080334423845873
13 0.22103225806451612 0.05316248636859324 0.003870967741935484 0.003816793893129771
9 0.37148387096774194 0.3544165757906216 0.002838709677419355 0.003271537622682661
13 0.28193548387096773 0.5463467829880043 0.004903225806451613 0.003998545983278807
13 0.26129032258064516 0.5587059251181389 0.004903225806451613 0.0036350418029807343
13 0.2046451612903226 0.5778807706288622 0.005161290322580645 0.0027262813522355507
13 0.23741935483870968 0.5713376953834969 0.005161290322580645 0.0027262813522355507
9 0.05070967741935484 0.4927299163940385 0.0033548387096774194 0.004725554343874954
13 0.059225806451612906 0.4759178480552526 0.00232258064516129 0.0034532897128316978
13 0.05806451612903226 0.4838240639767357 0.0025806451612903226 0.0036350418029807343
13 0.29974193548387096 0.32251908396946566 0.004387096774193549 0.0030897855325336242
13 0.27703225806451615 0.541893856779353 0.004387096774193549 0.0034532897128316978
13 0.3873548387096774 0.3774990912395493 0.003096774193548387 0.003271537622682661
13 0.38748387096774195 0.35723373318793167 0.002838709677419355 0.0027262813522355507
13 0.38787096774193547 0.3619592875318066 0.0025806451612903226 0.0030897855325336242
13 0.3870967741935484 0.3456015994183933 0.003096774193548387 0.0034532897128316978
13 0.3824516129032258 0.35768811341330425 0.002064516129032258 0.002544529262086514
13 0.3843870967741935 0.393765903307888 0.003870967741935484 0.0034532897128316978
13 0.3783225806451613 0.35705198109778263 0.003096774193548387 0.0027262813522355507
13 0.2903225806451613 0.5458924027626317 0.004129032258064516 0.0034532897128316978
13 0.32167741935483873 0.4905488913122501 0.003870967741935484 0.0036350418029807343
13 0.204 0.06506724827335514 0.002838709677419355 0.003271537622682661
13 0.16219354838709676 0.3059796437659033 0.004387096774193549 0.0030897855325336242
13 0.20619354838709678 0.06579425663395129 0.003096774193548387 0.0029080334423845873
13 0.21251612903225806 0.06697564521992003 0.0033548387096774194 0.0027262813522355507
13 0.23148387096774192 0.1871137768084333 0.003096774193548387 0.0030897855325336242
13 0.23690322580645162 0.19074881861141404 0.00464516129032258 0.0034532897128316978
13 0.2447741935483871 0.19574700109051255 0.0033548387096774194 0.003271537622682661
13 0.24193548387096775 0.19474736459469283 0.002838709677419355 0.0030897855325336242
9 0.3696774193548387 0.3491457651762995 0.0033548387096774194 0.005089058524173028
13 0.11174193548387097 0.33587786259541985 0.00464516129032258 0.002544529262086514
13 0.07225806451612904 0.30416212286441296 0.0036129032258064514 0.0030897855325336242
13 0.12516129032258064 0.3351508542348237 0.00567741935483871 0.0029080334423845873
13 0.1007741935483871 0.34151217739004 0.003870967741935484 0.0018175209014903672
13 0.10541935483870968 0.34033078880407125 0.004903225806451613 0.002362777171937477
13 0.08219354838709678 0.284714649218466 0.004387096774193549 0.0034532897128316978
13 0.08890322580645162 0.2861686659396583 0.0033548387096774194 0.0034532897128316978
13 0.013548387096774193 0.3351508542348237 0.005419354838709678 0.002544529262086514
13 0.03032258064516129 0.3293347873500545 0.005935483870967742 0.0018175209014903672
13 0.3767741935483871 0.41457651762995273 0.003096774193548387 0.0029080334423845873
13 0.3738064516129032 0.42248273355143584 0.004903225806451613 0.0027262813522355507
13 0.4896774193548387 0.29216648491457653 0.004387096774193549 0.0016357688113413304
13 0.2904516129032258 0.2059251181388586 0.004903225806451613 0.002544529262086514
13 0.17690322580645162 0.2706288622319157 0.005419354838709678 0.0021810250817884407
13 0.2232258064516129 0.2612686295892403 0.00464516129032258 0.0034532897128316978
13 0.2167741935483871 0.22400945110868775 0.0025806451612903226 0.0027262813522355507
13 0.19058064516129034 0.21764812795347147 0.004903225806451613 0.002362777171937477
13 0.3335483870967742 0.2795347146492185 0.0018064516129032257 0.0036350418029807343
13 0.3303225806451613 0.2792620865139949 0.0025806451612903226 0.0034532897128316978
13 0.32670967741935486 0.2693565976008724 0.0036129032258064514 0.003271537622682661
13 0.23870967741935484 0.3103416939294802 0.005161290322580645 0.0027262813522355507
13 0.2767741935483871 0.3351508542348237 0.004387096774193549 0.002544529262086514
13 0.2710967741935484 0.33342420937840783 0.004387096774193549 0.0019992729916394037
13 0.26503225806451614 0.3317884405670665 0.004129032258064516 0.002362777171937477
13 0.26051612903225807 0.33042529989094876 0.003870967741935484 0.0018175209014903672
13 0.2552258064516129 0.3288804071246819 0.00464516129032258 0.002362777171937477
13 0.2487741935483871 0.3270628862231916 0.004129032258064516 0.002362777171937477
13 0.24387096774193548 0.3256997455470738 0.004129032258064516 0.0018175209014903672
13 0.2384516129032258 0.32406397673573245 0.004129032258064516 0.0021810250817884407
13 0.23406451612903226 0.3227008360596147 0.00464516129032258 0.002362777171937477
13 0.20516129032258065 0.27044711014176664 0.0036129032258064514 0.003271537622682661
13 0.2006451612903226 0.2741730279898219 0.004387096774193549 0.0027262813522355507
13 0.1543225806451613 0.30970556161395857 0.0036129032258064514 0.002544529262086514
13 0.23625806451612905 0.2034714649218466 0.004387096774193549 0.002362777171937477
13 0.228 0.2159214830970556 0.005419354838709678 0.002544529262086514
13 0.22903225806451613 0.21419483824063976 0.004903225806451613 0.0027262813522355507
13 0.23006451612903225 0.21301344965467103 0.004387096774193549 0.0021810250817884407
13 0.23174193548387098 0.20983278807706288 0.00464516129032258 0.002362777171937477
13 0.23329032258064517 0.20819701926572157 0.00464516129032258 0.002362777171937477
13 0.23470967741935483 0.20674300254452926 0.004387096774193549 0.0019992729916394037
13 0.2352258064516129 0.2055616139585605 0.003870967741935484 0.0021810250817884407
13 0.23703225806451614 0.20174482006543076 0.004387096774193549 0.0021810250817884407
13 0.3303225806451613 0.2940748818611414 0.00464516129032258 0.0021810250817884407
13 0.23793548387096775 0.20029080334423846 0.004129032258064516 0.002544529262086514
13 0.284258064516129 0.2173754998182479 0.004387096774193549 0.002544529262086514
13 0.2852903225806452 0.21546710287168303 0.004387096774193549 0.002362777171937477
13 0.28361290322580646 0.21919302071973829 0.0036129032258064514 0.0021810250817884407
13 0.2852903225806452 0.2645401672119229 0.0033548387096774194 0.0034532897128316978
13 0.2678709677419355 0.2728098873137041 0.00464516129032258 0.0018175209014903672
13 0.319741935483871 0.3008905852417303 0.005161290322580645 0.002362777171937477
13 0.22851612903225807 0.32106506724827333 0.004903225806451613 0.002362777171937477
13 0.21664516129032257 0.319247546346783 0.004387096774193549 0.0019992729916394037
13 0.22258064516129034 0.3199745547073791 0.003870967741935484 0.0016357688113413304
13 0.22464516129032258 0.6136859323882224 0.0033548387096774194 0.0030897855325336242
13 0.22774193548387098 0.6110505270810614 0.003870967741935484 0.003271537622682661
13 0.23109677419354838 0.6082333696837514 0.004903225806451613 0.0034532897128316978
13 0.2327741935483871 0.6069611050527081 0.004129032258064516 0.0030897855325336242
13 0.23470967741935483 0.6059614685568884 0.003870967741935484 0.0029080334423845873
13 0.23625806451612905 0.6043256997455471 0.003870967741935484 0.0029080334423845873
13 0.2392258064516129 0.6019629225736096 0.0036129032258064514 0.0029080334423845873
13 0.24167741935483872 0.6010541621228644 0.003870967741935484 0.003271537622682661
13 0.3818064516129032 0.40276263177026533 0.00232258064516129 0.0036350418029807343
13 0.12748387096774194 0.648673209741912 0.00464516129032258 0.0021810250817884407
13 0.36683870967741933 0.40421664849145766 0.00232258064516129 0.0029080334423845873
13 0.3778064516129032 0.41130498000727006 0.00464516129032258 0.0029080334423845873
13 0.40696774193548385 0.1851145038167939 0.006193548387096774 0.0030897855325336242
13 0.40658064516129033 0.18747728098873137 0.005935483870967742 0.0030897855325336242
13 0.4847741935483871 0.28344238458742277 0.005419354838709678 0.002362777171937477
13 0.4863225806451613 0.28589603780443473 0.004387096774193549 0.0018175209014903672
13 0.4887741935483871 0.2902580879680116 0.005161290322580645 0.0018175209014903672
13 0.22103225806451612 0.6102326426753908 0.004387096774193549 0.003816793893129771
13 0.12270967741935485 0.6426753907669939 0.005419354838709678 0.0036350418029807343
13 0.29238709677419356 0.37113776808433296 0.003096774193548387 0.003271537622682661
13 0.20103225806451613 0.5364412940748818 0.004129032258064516 0.0016357688113413304
13 0.29354838709677417 0.3753180661577608 0.00232258064516129 0.003271537622682661
13 0.2943225806451613 0.3791348600508906 0.00232258064516129 0.0029080334423845873
13 0.29561290322580647 0.38349691021446747 0.002838709677419355 0.003998545983278807
13 0.296258064516129 0.38722282806252273 0.003096774193548387 0.0034532897128316978
13 0.22038709677419355 0.539076699382043 0.004129032258064516 0.0018175209014903672
13 0.21483870967741936 0.5387131952017448 0.004387096774193549 0.0014540167211922936
13 0.20541935483870968 0.537531806615776 0.00464516129032258 0.0019992729916394037
13 0.22890322580645162 0.5676117775354417 0.00464516129032258 0.0021810250817884407
13 0.16774193548387098 0.6055979643765903 0.003096774193548387 0.0029080334423845873
13 0.1647741935483871 0.5676117775354417 0.004903225806451613 0.0021810250817884407
13 0.1494193548387097 0.572246455834242 0.005161290322580645 0.002362777171937477
13 0.23858064516129032 0.5784260268993093 0.004387096774193549 0.0027262813522355507
13 0.23251612903225807 0.5805161759360232 0.004129032258064516 0.0021810250817884407
13 0.2232258064516129 0.5946928389676481 0.00464516129032258 0.0018175209014903672
13 0.2181935483870968 0.5949654671028717 0.004903225806451613 0.0019992729916394037
13 0.17058064516129032 0.606415848782261 0.0036129032258064514 0.0034532897128316978
13 0.2918709677419355 0.20419847328244276 0.00464516129032258 0.0027262813522355507
13 0.30051612903225805 0.21055979643765904 0.004387096774193549 0.002362777171937477
13 0.37212903225806454 0.42648127953471465 0.004129032258064516 0.0030897855325336242
13 0.2593548387096774 0.012904398400581607 0.003096774193548387 0.003271537622682661
13 0.3487741935483871 0.4564703744093057 0.004387096774193549 0.004180298073427844
13 0.3583225806451613 0.4564703744093057 0.0033548387096774194 0.004180298073427844
13 0.34258064516129033 0.4570156306797528 0.004387096774193549 0.003816793893129771
13 0.34361290322580645 0.460196292257361 0.0033548387096774194 0.003998545983278807
13 0.34580645161290324 0.46328607778989456 0.004129032258064516 0.003998545983278807
13 0.35019354838709676 0.46355870592511816 0.003096774193548387 0.0034532897128316978
13 0.3372903225806452 0.46446746637586334 0.004129032258064516 0.003816793893129771
13 0.3449032258064516 0.46964740094511087 0.003870967741935484 0.003271537622682661
13 0.34206451612903227 0.4687386404943657 0.0033548387096774194 0.003271537622682661
13 0.3383225806451613 0.4686477644492912 0.004129032258064516 0.0030897855325336242
13 0.3470967741935484 0.4738276990185387 0.004129032258064516 0.003271537622682661
13 0.34283870967741936 0.4762813522355507 0.00232258064516129 0.0027262813522355507
13 0.3392258064516129 0.47900763358778625 0.004903225806451613 0.004180298073427844
13 0.33716129032258063 0.4759178480552526 0.003870967741935484 0.003816793893129771
13 0.3345806451612903 0.48055252635405304 0.0033548387096774194 0.0036350418029807343
13 0.34206451612903227 0.4820065430752454 0.003870967741935484 0.003271537622682661
13 0.33522580645161293 0.48636859323882226 0.003096774193548387 0.0036350418029807343
13 0.34658064516129033 0.45038167938931295 0.00464516129032258 0.004362050163576881
13 0.3535483870967742 0.4531079607415485 0.00464516129032258 0.003998545983278807
13 0.3598709677419355 0.4490185387131952 0.004903225806451613 0.0016357688113413304
13 0.3655483870967742 0.43974918211559433 0.004903225806451613 0.002362777171937477
13 0.3690322580645161 0.42593602326426755 0.003096774193548387 0.0034532897128316978
13 0.3654193548387097 0.4247546346782988 0.003096774193548387 0.0029080334423845873
13 0.36296774193548387 0.42357324609233005 0.003870967741935484 0.0034532897128316978
13 0.3584516129032258 0.42411850236277715 0.003096774193548387 0.0034532897128316978
13 0.3704516129032258 0.4311159578335151 0.004903225806451613 0.002544529262086514
13 0.36993548387096775 0.4339331152308252 0.004387096774193549 0.0030897855325336242
13 0.368258064516129 0.4372955288985823 0.00464516129032258 0.0029080334423845873
13 0.36051612903225805 0.430570701563068 0.0025806451612903226 0.003271537622682661
13 0.35638709677419356 0.44711014176663033 0.004129032258064516 0.0036350418029807343
13 0.364 0.4297528171573973 0.0033548387096774194 0.0030897855325336242
13 0.36154838709677417 0.4380225372591785 0.0036129032258064514 0.0036350418029807343
13 0.35870967741935483 0.4434750999636496 0.004129032258064516 0.0036350418029807343
13 0.35458064516129034 0.4417484551072337 0.00567741935483871 0.004180298073427844
13 0.36258064516129035 0.44592875318066155 0.0036129032258064514 0.003816793893129771
13 0.3489032258064516 0.4436568520537986 0.004129032258064516 0.003998545983278807
13 0.3536774193548387 0.44547437295528897 0.003870967741935484 0.003271537622682661
13 0.33883870967741936 0.48745910577971646 0.0036129032258064514 0.003271537622682661
13 0.33264516129032257 0.48854961832061067 0.00464516129032258 0.003998545983278807
13 0.33161290322580644 0.4967284623773173 0.0025806451612903226 0.003271537622682661
10 0.7735483870967742 0.41121410396219554 0.05083870967741935 0.03144311159578335
13 0.1712258064516129 0.6158669574700109 0.003870967741935484 0.0034532897128316978
13 0.17561290322580644 0.6081424936386769 0.0033548387096774194 0.003271537622682661
13 0.1736774193548387 0.6072337331879316 0.0036129032258064514 0.0036350418029807343
13 0.15935483870967743 0.6030534351145038 0.0033548387096774194 0.003271537622682661
13 0.16425806451612904 0.30270810614322063 0.005419354838709678 0.0030897855325336242
10 0.8512258064516129 0.3177935296255907 0.04825806451612903 0.030716103235187205
10 0.8369032258064516 0.3426026899309342 0.048 0.030897855325336242
10 0.7291612903225806 0.4435659760087241 0.04825806451612903 0.031079607415485277
13 0.1616774193548387 0.613958560523446 0.003870967741935484 0.003271537622682661
13 0.1647741935483871 0.054434750999636496 0.003870967741935484 0.0030897855325336242
15 0.0727741935483871 0.2958924027626318 0.014451612903225806 0.008724100327153763
13 0.16374193548387098 0.6043256997455471 0.004387096774193549 0.0036350418029807343
13 0.3705806451612903 0.42084696474009453 0.003096774193548387 0.0034532897128316978
9 0.36451612903225805 0.43375136314067614 0.003870967741935484 0.004180298073427844
13 0.1624516129032258 0.05370774263904035 0.0033548387096774194 0.0030897855325336242
13 0.15845161290322582 0.06034169392948019 0.0036129032258064514 0.0029080334423845873
13 0.1638709677419355 0.6145946928389676 0.0036129032258064514 0.0030897855325336242
13 0.1592258064516129 0.6133224282079244 0.0036129032258064514 0.0034532897128316978
13 0.32787096774193547 0.5002726281352236 0.005419354838709678 0.0034532897128316978
13 0.300258064516129 0.5218102508178845 0.004903225806451613 0.0036350418029807343
13 0.32193548387096776 0.5023627771719374 0.003870967741935484 0.0036350418029807343
13 0.32425806451612904 0.5053616866593966 0.0033548387096774194 0.003816793893129771
13 0.32051612903225807 0.5104507451835696 0.00464516129032258 0.0034532897128316978
13 0.3166451612903226 0.5169029443838604 0.005161290322580645 0.0036350418029807343
13 0.31329032258064515 0.5204471101417666 0.004129032258064516 0.0034532897128316978
13 0.3061935483870968 0.5232642675390767 0.004387096774193549 0.003271537622682661
13 0.30851612903225806 0.5263540530716103 0.004387096774193549 0.003271537622682661
13 0.29935483870967744 0.5260814249363868 0.0036129032258064514 0.0030897855325336242
13 0.15664516129032258 0.6125954198473282 0.0036129032258064514 0.0034532897128316978
13 0.30116129032258065 0.5282624500181752 0.004129032258064516 0.0034532897128316978
13 0.29729032258064514 0.534532897128317 0.00567741935483871 0.003271537622682661
13 0.29470967741935483 0.5397128316975646 0.00464516129032258 0.0034532897128316978
13 0.22980645161290322 0.5934205743366049 0.005419354838709678 0.0029080334423845873
13 0.24206451612903226 0.5905125408942202 0.00567741935483871 0.0029080334423845873
13 0.2487741935483871 0.5889676481279534 0.005161290322580645 0.0027262813522355507
13 0.23638709677419356 0.5918756815703381 0.005161290322580645 0.002362777171937477
10 0.1863225806451613 0.8003453289712832 0.04696774193548387 0.029625590694292984