13 0.9753667615502518 0.8173616191172884 0.005911977227939566 0.00243842965130456
13 0.7155682067002409 0.9164837844428189 0.00481716663017298 0.0031699585466959277
13 0.6583096124370484 0.8951475249939039 0.00240858331508649 0.00487685930260912
13 0.6664112108605211 0.8961228968544257 0.0050361287497262975 0.003901487442087296
13 0.6557915480621852 0.9303828334552549 0.005255090869279615 0.0031699585466959277
13 0.6555725859426319 0.9336747134845159 0.00481716663017298 0.00243842965130456
13 0.6765929494197503 0.9153864910997318 0.00481716663017298 0.00243842965130456
13 0.6838186993650098 0.9431845891246038 0.0021896211955331727 0.005852231163130944
13 0.686665206919203 0.9434284320897343 0.0026275454346398074 0.0063399170933918555
13 0.6887453470549595 0.9435503535722994 0.0019706590759798557 0.005608388198000487
13 0.72837749069411 0.948671055840039 0.0050361287497262975 0.0026822726164350157
13 0.7288154149332166 0.9385515727871251 0.0050361287497262975 0.002926115581565472
13 0.7294723012918765 0.9072177517678615 0.0050361287497262975 0.0031699585466959277
13 0.6981607181957521 0.9002682272616435 0.00240858331508649 0.0053645452328700315
13 0.8655572585942632 0.7713972201901975 0.005693015108386249 0.004633016337478664
13 0.7006787825706153 0.9003901487442088 0.0026275454346398074 0.005608388198000487
13 0.6955331727611124 0.8951475249939039 0.00240858331508649 0.00487685930260912
13 0.6925771841471425 0.9011216776396 0.0026275454346398074 0.005608388198000487
13 0.6788920516750602 0.9426969031943429 0.00240858331508649 0.005852231163130944
13 0.6561199912415152 0.927822482321385 0.004160280271513028 0.002926115581565472
13 0.6610466389314649 0.89575713240673 0.0026275454346398074 0.005608388198000487
13 0.6794394569739435 0.8963667398195562 0.00481716663017298 0.00243842965130456
13 0.6791110137946136 0.8994147768836869 0.0050361287497262975 0.0021945866861741038
13 0.6896211955331728 0.9013655206047305 0.00240858331508649 0.0060960741282614
13 0.6950952485220057 0.9005120702267739 0.0019706590759798557 0.0043891733723482075
13 0.723231880884607 0.9067300658376006 0.00481716663017298 0.0026822726164350157
13 0.6536019268666521 0.8966105827846866 0.0026275454346398074 0.005852231163130944
13 0.6342237792861835 0.9046574006339917 0.0050361287497262975 0.002926115581565472
13 0.6249178892051676 0.923555230431602 0.0017516969564265383 0.005120702267739576
13 0.6105758703744252 0.93586930017069 0.00240858331508649 0.0053645452328700315
13 0.2255309831399168 0.8347963911241161 0.003941318151959711 0.005608388198000487
13 0.505145609809503 0.9322116556937332 0.003065469673746442 0.0063399170933918555
13 0.5279176702430479 0.958302852962692 0.005693015108386249 0.002926115581565472
13 0.527589227063718 0.9663496708119971 0.005474052988832932 0.00243842965130456
13 0.5286840376614845 0.9452572543282126 0.004598204510619663 0.0026822726164350157
13 0.5766367418436611 0.9820775420629115 0.0050361287497262975 0.0026822726164350157
13 0.5633895336106853 0.9841502072665204 0.00481716663017298 0.00243842965130456
13 0.5066783446463762 0.9751280175566935 0.00481716663017298 0.00243842965130456
13 0.4759141668491351 0.9802487198244331 0.0028465075541931244 0.0063399170933918555
13 0.4925552879351872 0.9740307242136065 0.0050361287497262975 0.0026822726164350157
13 0.4738340267133786 0.93586930017069 0.003065469673746442 0.0063399170933918555
13 0.47919859864243486 0.9351377712752987 0.0028465075541931244 0.0053645452328700315
13 0.4997810378804467 0.932577420141429 0.00240858331508649 0.005608388198000487
13 0.5021896211955331 0.9324554986588637 0.0028465075541931244 0.005852231163130944
13 0.47394350777315525 0.9405023165081687 0.0050361287497262975 0.00243842965130456
13 0.5152178673089556 0.9558644233113874 0.004379242391066345 0.001950743721043648
13 0.5065688635865995 0.9724457449402585 0.0037223560324063936 0.00243842965130456
13 0.5278081891832713 0.9637893196781273 0.0050361287497262975 0.0026822726164350157
13 0.5143420188307423 0.9298951475249939 0.003941318151959711 0.005608388198000487
13 0.5840814539084739 0.9795171909290417 0.0050361287497262975 0.00243842965130456
13 0.5844098970878038 0.9821994635454767 0.004379242391066345 0.00243842965130456
13 0.5629516093715787 0.9784198975859546 0.004379242391066345 0.0026822726164350157
13 0.6206481278738778 0.9565959522067788 0.0028465075541931244 0.0063399170933918555
13 0.6926866652069192 0.9157522555474275 0.005911977227939566 0.0031699585466959277
13 0.6864462447996497 0.9156303340648623 0.004379242391066345 0.002926115581565472
13 0.6813006349901467 0.9156303340648623 0.004598204510619663 0.00243842965130456
13 0.7698708123494635 0.8929529383077298 0.005255090869279615 0.002926115581565472
13 0.9024523757389972 0.8233357717629847 0.00240858331508649 0.005608388198000487
13 0.9000437924239106 0.8234576932455498 0.001532734836873221 0.00487685930260912
13 0.9077074666082767 0.8238234576932455 0.0019706590759798557 0.005120702267739576
13 0.9386906065250712 0.824067300658376 0.0021896211955331727 0.005120702267739576
13 0.9485439019049704 0.825164594001463 0.0021896211955331727 0.005852231163130944
13 0.9570834245675498 0.8065106071689832 0.0021896211955331727 0.005120702267739576
13 0.9681410116049923 0.8408924652523775 0.0019706590759798557 0.005608388198000487
13 0.9707685570396322 0.841136308217508 0.00240858331508649 0.0060960741282614
13 0.9656229472301292 0.8412582297000731 0.0021896211955331727 0.005852231163130944
13 0.9555506897306766 0.8254084369665935 0.0026275454346398074 0.005852231163130944
13 0.9537989927742501 0.8068763716166789 0.0021896211955331727 0.00487685930260912
13 0.9512809283993869 0.8065106071689832 0.001532734836873221 0.004633016337478664
13 0.9335449967155682 0.8243111436235064 0.0019706590759798557 0.005120702267739576
13 0.9336544777753448 0.8397951719092904 0.0026275454346398074 0.005852231163130944
13 0.9310269323407051 0.8396732504267251 0.0021896211955331727 0.005608388198000487
13 0.9106634552222466 0.8393074859790295 0.0021896211955331727 0.005852231163130944
13 0.904423034814977 0.839063643013899 0.00240858331508649 0.005852231163130944
13 0.8970878038099409 0.8394294074615948 0.0021896211955331727 0.0060960741282614
13 0.9440551784541275 0.805900999756157 0.0019706590759798557 0.0053645452328700315
13 0.9390190497044011 0.805900999756157 0.0019706590759798557 0.0053645452328700315
13 0.9362820232099847 0.806388685686418 0.0026275454346398074 0.006827603023652768
13 0.9342018830742281 0.8052913923433309 0.00240858331508649 0.005120702267739576
13 0.8836216334574118 0.7816386247256767 0.004160280271513028 0.005608388198000487
13 0.8950076636741844 0.8228480858327237 0.00240858331508649 0.005120702267739576
13 0.7519159185460915 0.8666178980736405 0.0021896211955331727 0.00487685930260912
13 0.6566673965403985 0.9248963667398196 0.00481716663017298 0.002926115581565472
13 0.7628640245237573 0.868446720312119 0.0021896211955331727 0.005120702267739576
13 0.6550251806437486 0.9472079980492563 0.004598204510619663 0.0026822726164350157
13 0.7418436610466389 0.9748841745915631 0.0021896211955331727 0.0053645452328700315
13 0.7292533391723232 0.9328212631065593 0.004160280271513028 0.0026822726164350157
13 0.7282680096343332 0.9456230187759083 0.004379242391066345 0.00243842965130456
13 0.749507335231005 0.9083150451109485 0.005255090869279615 0.002926115581565472
13 0.7580468578935844 0.9089246525237746 0.00481716663017298 0.0031699585466959277
13 0.7865119334355156 0.9105096317971226 0.00481716663017298 0.002926115581565472
13 0.8109262097657105 0.9118507681053402 0.0050361287497262975 0.0026822726164350157
13 0.8166192248740968 0.9123384540356011 0.0050361287497262975 0.0031699585466959277
13 0.777096562294723 0.9227017800536454 0.0021896211955331727 0.00487685930260912
13 0.7833369827019926 0.9228237015362106 0.0037223560324063936 0.006583760058522311
13 0.7879351872126122 0.9345281638624726 0.0019706590759798557 0.005608388198000487
13 0.7879351872126122 0.9418434528163863 0.00240858331508649 0.0060960741282614
13 0.8112546529450405 0.9337966349670812 0.0021896211955331727 0.005608388198000487
9 0.8347930807970221 0.929407461594733 0.00240858331508649 0.0060960741282614
13 0.8410335012042917 0.9258717386003413 0.0021896211955331727 0.00487685930260912
13 0.8433326034596015 0.9262375030480371 0.0028465075541931244 0.005608388198000487
13 0.848916137508211 0.926725188978298 0.0026275454346398074 0.004633016337478664
13 0.7896868841690388 0.9909778102901732 0.0050361287497262975 0.002926115581565472
13 0.8443179329975914 0.8779565959522068 0.005255090869279615 0.006583760058522311
13 0.7765491569958397 0.8693001706900756 0.00240858331508649 0.0053645452328700315
13 0.7812568425662361 0.8693001706900756 0.0021896211955331727 0.0053645452328700315
13 0.7731552441427633 0.8693001706900756 0.0021896211955331727 0.0053645452328700315
13 0.29713159623385155 0.8355279200195075 0.0035033939128530766 0.005608388198000487
13 0.29286183490256185 0.8380882711533773 0.0037223560324063936 0.0053645452328700315
13 0.2496168162907817 0.8514996342355523 0.0026275454346398074 0.005852231163130944
6 0.13750821107948324 0.5922945623018776 0.04247865119334355 0.008778346744696415
13 0.03503393912853076 0.02596927578639356 0.004379242391066345 0.005608388198000487
13 0.08605211298445369 0.056205803462570106 0.005255090869279615 0.005120702267739576
13 0.1373987300197066 0.0836381370397464 0.004598204510619663 0.0053645452328700315
13 0.06557915480621852 0.11814191660570593 0.0050361287497262975 0.0031699585466959277
13 0.08320560543026057 0.14435503535722993 0.003941318151959711 0.005852231163130944
13 0.08035909787606745 0.1459400146305779 0.0035033939128530766 0.005608388198000487
13 0.10225530983139917 0.1567910265788832 0.00481716663017298 0.0053645452328700315
13 0.100065688635866 0.1589856132650573 0.003941318151959711 0.00487685930260912
13 0.095576965185023 0.1633747866374055 0.004160280271513028 0.0053645452328700315
13 0.08889862053864682 0.15959522067788345 0.005693015108386249 0.0060960741282614
13 0.09678125684256624 0.15252377468910022 0.00481716663017298 0.005608388198000487
13 0.09196409021239325 0.15703486954401366 0.00481716663017298 0.0053645452328700315
13 0.09086927961462667 0.16837356742257986 0.00481716663017298 0.005120702267739576
13 0.06886358659951829 0.17069007559131918 0.0050361287497262975 0.003901487442087296
13 0.07017735931683819 0.17581077785905877 0.005474052988832932 0.002926115581565472
13 0.10170790453251588 0.14837844428188246 0.004160280271513028 0.005120702267739576
13 0.10543026056492227 0.1545964398927091 0.004598204510619663 0.005852231163130944
13 0.1032406393693891 0.14569617166544746 0.004598204510619663 0.005608388198000487
13 0.08638055616378366 0.16325286515484028 0.005474052988832932 0.0060960741282614
13 0.06536019268666521 0.13094367227505485 0.0050361287497262975 0.002926115581565472
13 0.06481278738778191 0.13777127529870764 0.004379242391066345 0.00243842965130456
13 0.06536019268666521 0.14081931236283834 0.004160280271513028 0.0021945866861741038
13 0.07050580249616817 0.1332601804437942 0.0026275454346398074 0.005120702267739576
13 0.0322969126341143 0.016581321628871007 0.004160280271513028 0.005852231163130944
6 0.11692577184147143 0.659351377712753 0.025399605868184804 0.012679834186783711
13 0.07718414714254435 0.1471592294562302 0.0037223560324063936 0.0060960741282614
6 0.1167068097219181 0.6703243111436235 0.018830742281585287 0.010241404535479151
6 0.22585942631924677 0.30334064862228727 0.005911977227939566 0.022921238722262864
6 0.25104007006787826 0.3118751524018532 0.010729143858112546 0.04242867593269934
6 0.27414057368075323 0.2828578395513289 0.007882636303919423 0.01706900755913192
6 0.31749507335231003 0.24494025847354303 0.006568863586599518 0.011948305291392344
6 0.372673527479746 0.19580590099975614 0.003065469673746442 0.011704462326261888
6 0.3872345084300416 0.18397951719092903 0.00810159842347274 0.010972933430870519
6 0.40267133785855047 0.16630090221897098 0.01051018173855923 0.01706900755913192
6 0.4334355156557915 0.12265301146061935 0.006787825706152836 0.01755669348939283
6 0.45358003065469676 0.10375518166300902 0.006349901467046201 0.018775908315045112
6 0.4735055835340486 0.09570836381370397 0.0028465075541931244 0.017800536454523286
6 0.5090869279614627 0.09680565715679103 0.003065469673746442 0.016093635698610095
6 0.5449967155682067 0.09119726895879054 0.0035033939128530766 0.023408924652523776
6 0.7226844755857237 0.12192148256522799 0.005474052988832932 0.020482809070958303
6 0.7888110356908254 0.4385515727871251 0.014670462010072258 0.020238966105827847
6 0.5316400262754544 0.8162643257742014 0.04423034814977009 0.027066569129480616
6 0.521458287716225 0.8595464520848574 0.016422158966498797 0.012679834186783711
6 0.18064374863148674 0.7233601560594977 0.025837530107291437 0.02316508168739332
6 0.21841471425443398 0.771641063155328 0.011604992336325816 0.014386734942696903
6 0.24797460039413183 0.7944403803950256 0.009853295379899277 0.010729090465740063
6 0.19465732428289906 0.7466471592294562 0.014013575651412306 0.0121921482565228
6 0.15633895336106854 0.6943428432089734 0.03240639369389096 0.031943428432089735
6 0.14440551784541275 0.6905632772494513 0.027370264944164658 0.023408924652523776
6 0.12798335887891396 0.6837356742257986 0.018173855922925333 0.016093635698610095
13 0.07948324939785417 0.13667398195562058 0.005693015108386249 0.006583760058522311
13 0.11046638931464857 0.1397220190197513 0.0050361287497262975 0.006827603023652768
13 0.25180643748631487 0.8513777127529871 0.0021896211955331727 0.006583760058522311
13 0.08736588570177359 0.9075835162155572 0.004379242391066345 0.005852231163130944
13 0.1577622071381651 0.9329431845891246 0.004598204510619663 0.0053645452328700315
13 0.277096562294723 0.9592782248232139 0.0050361287497262975 0.003901487442087296
13 0.277096562294723 0.9622043404047793 0.0050361287497262975 0.003901487442087296
13 0.31705714911320343 0.9594001463057791 0.005255090869279615 0.0026822726164350157
13 0.3167287059338734 0.9563521092416484 0.004598204510619663 0.00243842965130456
13 0.2723888767243267 0.9263594245306023 0.005693015108386249 0.003901487442087296
13 0.304028902999781 0.9351377712752987 0.005474052988832932 0.002926115581565472
13 0.31782351653164004 0.9233113874664716 0.004598204510619663 0.0021945866861741038
13 0.3171666301729801 0.9414776883686906 0.0050361287497262975 0.00243842965130456
13 0.31749507335231003 0.939039258717386 0.00481716663017298 0.00243842965130456
13 0.3169476680534268 0.936356986100951 0.004598204510619663 0.00243842965130456
13 0.3176045544120867 0.9290416971470373 0.004598204510619663 0.002926115581565472
13 0.27326472520253997 0.9234333089490369 0.005693015108386249 0.0043891733723482075
13 0.31727611123275673 0.9173372348207754 0.004379242391066345 0.002926115581565472
13 0.27019925552879354 0.9050231650816873 0.00481716663017298 0.004145330407217752
13 0.25421502080140135 0.894172153133382 0.00481716663017298 0.003413801511826384
13 0.2654915699583972 0.8824676908071202 0.004598204510619663 0.003413801511826384
13 0.2650536457192906 0.8792977322604243 0.0050361287497262975 0.003901487442087296
13 0.263301948762864 0.8745427944403804 0.004598204510619663 0.0036576444769568397
13 0.2737026494416466 0.849183126066813 0.004379242391066345 0.006583760058522311
13 0.31749507335231003 0.8707632284808583 0.00481716663017298 0.00243842965130456
13 0.29680315305452154 0.8800292611558157 0.0037223560324063936 0.005852231163130944
13 0.25443398292095465 0.8513777127529871 0.0021896211955331727 0.005608388198000487
13 0.15053645719290562 0.9001463057790783 0.004598204510619663 0.0026822726164350157
13 0.08079702211517407 0.8884418434528164 0.00481716663017298 0.0026822726164350157
13 0.1148456317057149 0.14654962204340405 0.004160280271513028 0.0053645452328700315
13 0.1768119115393037 0.8860034138015118 0.004598204510619663 0.0026822726164350157
13 0.11232756733085177 0.14837844428188246 0.004379242391066345 0.005608388198000487
13 0.10970002189621196 0.15008534503779566 0.004379242391066345 0.005120702267739576
13 0.10729143858112547 0.15276761765423066 0.00481716663017298 0.005608388198000487
13 0.09776658638055616 0.16069251402097048 0.004160280271513028 0.0053645452328700315
13 0.09437267352747974 0.15496220434040478 0.004379242391066345 0.004633016337478664
13 0.08473834026713378 0.16556937332357963 0.00481716663017298 0.0053645452328700315
13 0.021458287716225093 0.6741038771031456 0.0017516969564265383 0.005608388198000487
13 0.048828552660389754 0.6765423067544502 0.003065469673746442 0.005608388198000487
13 0.07138165097438143 0.6876371616678859 0.004379242391066345 0.003413801511826384
13 0.07269542369170133 0.6911728846622774 0.005255090869279615 0.0036576444769568397
13 0.04860959054083643 0.7704218483296756 0.0026275454346398074 0.0060960741282614
13 0.05200350339391285 0.7690807120214582 0.0019706590759798557 0.00487685930260912
13 0.10816728705933873 0.7377468910021946 0.005255090869279615 0.005120702267739576
13 0.12699802934092402 0.7506705681541087 0.006130939347492884 0.0060960741282614
13 0.13641340048171666 0.7689587905388929 0.005693015108386249 0.005120702267739576
13 0.14812787387781914 0.7831016825164594 0.0050361287497262975 0.005120702267739576
13 0.14944164659513903 0.7856620336503292 0.004598204510619663 0.00487685930260912
13 0.15174074885044886 0.7874908558888076 0.00481716663017298 0.005120702267739576
13 0.07521348806656449 0.8017556693489393 0.0028465075541931244 0.0063399170933918555
13 0.08254871907160061 0.814435503535723 0.0026275454346398074 0.0053645452328700315
13 0.06820670024085833 0.8056571567910266 0.0019706590759798557 0.00487685930260912
13 0.1373987300197066 0.8076079005120702 0.0050361287497262975 0.003413801511826384
13 0.16980512371359754 0.8702755425505975 0.0028465075541931244 0.005852231163130944
13 0.8812130501423254 0.7800536454523287 0.0037223560324063936 0.0053645452328700315
13 0.8479308079702211 0.7710314557425019 0.0050361287497262975 0.00487685930260912
13 0.9453689511714474 0.6805657156791026 0.004160280271513028 0.00487685930260912
13 0.5812349463542807 0.03291880029261156 0.00240858331508649 0.00487685930260912
13 0.6794394569739435 0.08424774445257255 0.006130939347492884 0.005120702267739576
13 0.6807532296912634 0.07473786881248476 0.00481716663017298 0.004145330407217752
13 0.658419093496825 0.043891733723482075 0.003941318151959711 0.00487685930260912
13 0.6446244799649661 0.03230919287978542 0.004379242391066345 0.0060960741282614
13 0.6596233851543682 0.05644964642770056 0.0050361287497262975 0.0060960741282614
13 0.6216334574118677 0.08693001706900756 0.00481716663017298 0.0036576444769568397
13 0.6043354499671557 0.08290660814435503 0.005255090869279615 0.0043891733723482075
13 0.6034596014889424 0.08680809558644233 0.006130939347492884 0.00487685930260912
13 0.6032406393693891 0.07400633991709339 0.00481716663017298 0.0036576444769568397
13 0.6030216772498358 0.05657156791026579 0.0026275454346398074 0.00487685930260912
13 0.5810159842347274 0.05193855157278712 0.00240858331508649 0.00487685930260912
12 0.5589008101598424 0.054498902706656915 0.005911977227939566 0.004145330407217752
13 0.8388438800087585 0.7878566203365033 0.006130939347492884 0.0053645452328700315
13 0.5431355375520035 0.0457205559619605 0.0019706590759798557 0.005608388198000487
13 0.48839500766367416 0.03840526700804682 0.0028465075541931244 0.005608388198000487
13 0.48237354937595794 0.034747622531089976 0.0026275454346398074 0.006583760058522311
13 0.4761331289686884 0.04937820043891734 0.00240858331508649 0.005120702267739576
13 0.45095248522005693 0.04633016337478664 0.00240858331508649 0.005852231163130944
13 0.4229253339172323 0.07632284808583273 0.00240858331508649 0.005852231163130944
13 0.4197503831837092 0.07693245549865886 0.0021896211955331727 0.004633016337478664
13 0.38416903875629516 0.09814679346500853 0.0050361287497262975 0.004633016337478664
9 0.38471644405517846 0.11131431358205315 0.005255090869279615 0.0031699585466959277
9 0.3276768119115393 0.05047549378200439 0.0050361287497262975 0.003901487442087296
13 0.3382964747098752 0.10558400390148744 0.00481716663017298 0.00243842965130456
13 0.7452375738997153 0.08766154596439893 0.0050361287497262975 0.0036576444769568397
13 0.77195095248522 0.098390636430139 0.0050361287497262975 0.0021945866861741038
13 0.813663236260127 0.02865154840282858 0.0026275454346398074 0.005608388198000487
13 0.8128968688416904 0.03462570104852475 0.0028465075541931244 0.005852231163130944
13 0.9546748412524633 0.28810046330163375 0.005255090869279615 0.005120702267739576
13 0.9663893146485658 0.2798098024871982 0.0050361287497262975 0.0026822726164350157
13 0.9340924020144515 0.286637405510851 0.003941318151959711 0.005608388198000487
13 0.9524852200569301 0.30541331382589615 0.004379242391066345 0.0021945866861741038
13 0.9667177578278958 0.3227261643501585 0.005255090869279615 0.0031699585466959277
13 0.9664987957083424 0.317117776152158 0.003941318151959711 0.0026822726164350157
13 0.9790891175826582 0.3143135820531578 0.0019706590759798557 0.0043891733723482075
13 0.9752572804904751 0.329431845891246 0.0021896211955331727 0.0053645452328700315
13 0.9419750383183709 0.2613996586198488 0.0035033939128530766 0.005852231163130944
13 0.9429603678563608 0.23640575469397707 0.00240858331508649 0.0060960741282614
13 0.9373768338077513 0.1894659839063643 0.003941318151959711 0.0063399170933918555
13 0.9394569739435078 0.1847110460863204 0.0037223560324063936 0.006583760058522311
13 0.9836873220932779 0.2177517678614972 0.00240858331508649 0.00487685930260912
13 0.9532515874753668 0.22140941233845404 0.00240858331508649 0.0053645452328700315
13 0.9429603678563608 0.21677639600097537 0.003284431793299759 0.0053645452328700315
13 0.9619005911977228 0.16922701780053645 0.004379242391066345 0.0053645452328700315
13 0.9925552879351872 0.12984637893196782 0.005255090869279615 0.0031699585466959277
13 0.9143858112546529 0.12423799073396732 0.005693015108386249 0.006583760058522311
9 0.8885482811473615 0.11241160692514021 0.006568863586599518 0.0043891733723482075
13 0.9204072695423692 0.07205559619604975 0.005474052988832932 0.004633016337478664
13 0.9484344208451938 0.03157766398439405 0.004598204510619663 0.005120702267739576
13 0.8900810159842347 0.03608875883930748 0.0035033939128530766 0.005852231163130944
13 0.8507773155244143 0.06595952206778835 0.005911977227939566 0.0031699585466959277
13 0.3372016641121086 0.1376493538161424 0.003941318151959711 0.0026822726164350157
13 0.3374206262316619 0.1346013167520117 0.004379242391066345 0.002926115581565472
13 0.35778410335012045 0.13874664715922946 0.004379242391066345 0.00243842965130456
13 0.7490694109918984 0.5280419409900025 0.00481716663017298 0.005120702267739576
13 0.7808189183271294 0.548646671543526 0.003065469673746442 0.0053645452328700315
9 0.7658200131377272 0.5525481589856133 0.006787825706152836 0.0073152889539136795
13 0.841580906503175 0.44355035357229944 0.0050361287497262975 0.0053645452328700315
13 0.8055616378366542 0.46781272860277984 0.004379242391066345 0.005120702267739576
13 0.1887453470549595 0.020360887588393075 0.004379242391066345 0.0031699585466959277
13 0.20045982045106198 0.016215557181175323 0.005474052988832932 0.0026822726164350157
13 0.05857236698051237 0.21494757376249696 0.00240858331508649 0.005608388198000487
13 0.044668272388876724 0.27639600097537187 0.0035033939128530766 0.005608388198000487
13 0.7140354718633677 0.8652767617654231 0.0021896211955331727 0.005120702267739576
6 0.5633895336106853 0.09656181419166057 0.006568863586599518 0.028773469885393806
6 0.5902123932559667 0.1066812972445745 0.0028465075541931244 0.00902218970982687
6 0.5225530983139917 0.08693001706900756 0.006349901467046201 0.0060960741282614
6 0.4216115611999124 0.1350890026822726 0.005911977227939566 0.009266032674957328
6 0.2019925552879352 0.7650573030968056 0.008539522662579374 0.010972933430870519
6 0.6592949419750384 0.6083881980004877 0.028027151302824613 0.03169958546695928
12 0.5301072914385812 0.07863935625457205 0.0021896211955331727 0.004633016337478664
12 0.5280271513028246 0.07827359180687637 0.001532734836873221 0.003901487442087296
12 0.3571272169914605 0.2011704462326262 0.0026275454346398074 0.003901487442087296
12 0.17210422596890737 0.7401853206534992 0.0035033939128530766 0.0036576444769568397
13 0.9011386030216773 0.4355035357229944 0.00240858331508649 0.0063399170933918555
13 0.8966498795708342 0.4350158497927335 0.0021896211955331727 0.0053645452328700315
13 0.8939128530764178 0.43452816386247256 0.00240858331508649 0.00487685930260912
13 0.8897525728049047 0.43416239941477686 0.00240858331508649 0.006583760058522311
13 0.7688854828114736 0.550231650816874 0.004598204510619663 0.0060960741282614
13 0.673199036566674 0.662033650329188 0.004160280271513028 0.00487685930260912
13 0.3411429822640683 0.1471592294562302 0.0021896211955331727 0.005608388198000487
13 0.6575432450186118 0.667885881492319 0.0035033939128530766 0.00487685930260912
13 0.340595576965185 0.16093635698610095 0.0028465075541931244 0.0073152889539136795
13 0.33074228158528574 0.18714947573762497 0.0050361287497262975 0.0026822726164350157
12 0.3369827019925553 0.17129968300414533 0.006568863586599518 0.0036576444769568397
13 0.2742500547405299 0.10338941721531333 0.005474052988832932 0.00243842965130456
13 0.27392161156119993 0.10826627651792246 0.004379242391066345 0.00243842965130456
13 0.2737026494416466 0.11131431358205315 0.004379242391066345 0.0021945866861741038
9 0.2601269980293409 0.20263350402340893 0.005255090869279615 0.002926115581565472
13 0.2832275016422159 0.049987807851743477 0.0028465075541931244 0.006827603023652768
13 0.33183709218305235 0.03889295293830773 0.004160280271513028 0.0060960741282614
13 0.31191153930370047 0.03913679590343819 0.0050361287497262975 0.0031699585466959277
13 0.3122399824830304 0.043404047793221164 0.005693015108386249 0.003413801511826384
13 0.27392161156119993 0.08522311631309437 0.00481716663017298 0.0031699585466959277
13 0.3099408802277206 0.2290904657400634 0.0019706590759798557 0.005608388198000487
13 0.18830742281585286 0.017678614971958058 0.005693015108386249 0.0031699585466959277
13 0.19991241515217867 0.011826383808827116 0.005693015108386249 0.004145330407217752
13 0.10980950295598861 0.9498902706656913 0.0050361287497262975 0.004633016337478664
9 0.604554412086709 0.8122409168495489 0.005693015108386249 0.002926115581565472
9 0.5795927304576308 0.7987076322848086 0.004379242391066345 0.0060960741282614
9 0.5893365447777534 0.7521336259448915 0.00722574994525947 0.004145330407217752
13 0.5931683818699365 0.7616435015849793 0.00481716663017298 0.0026822726164350157
13 0.6095905408364353 0.754572055596196 0.00481716663017298 0.0026822726164350157
13 0.6251368513247209 0.8376005852231163 0.0026275454346398074 0.0053645452328700315
13 0.6487847602364791 0.7524993903925872 0.0021896211955331727 0.0043891733723482075
13 0.9514998905189402 0.2922457937088515 0.0050361287497262975 0.0036576444769568397
13 0.9735055835340486 0.30638868568641797 0.0026275454346398074 0.005608388198000487
13 0.9818261440770747 0.3078517434772007 0.0021896211955331727 0.005120702267739576
13 0.7148018392818043 0.7199463545476713 0.004160280271513028 0.004633016337478664
13 0.7337420626231662 0.7192148256522799 0.00481716663017298 0.005608388198000487
13 0.7102036347711845 0.7256766642282371 0.0050361287497262975 0.0053645452328700315
13 0.7814758046857894 0.7017800536454524 0.0035033939128530766 0.00487685930260912
13 0.7197284869717538 0.713362594489149 0.005255090869279615 0.005608388198000487
13 0.7441427633019487 0.6770299926847111 0.004598204510619663 0.005608388198000487
13 0.7343989489818261 0.6691050963179712 0.004379242391066345 0.005852231163130944
13 0.7324282899058463 0.6670324311143624 0.003941318151959711 0.005608388198000487
13 0.7308955550689731 0.6466715435259692 0.004379242391066345 0.005852231163130944
13 0.7109700021896211 0.695683979517191 0.004379242391066345 0.005852231163130944
13 0.708780380994088 0.694099000243843 0.004379242391066345 0.005608388198000487
13 0.7068097219181082 0.6927578639356254 0.004379242391066345 0.005852231163130944
13 0.7252025399605868 0.6499634235552304 0.005255090869279615 0.005608388198000487
13 0.746332384497482 0.6778834430626677 0.0050361287497262975 0.005852231163130944
13 0.7341799868622728 0.7824920751036333 0.00481716663017298 0.0053645452328700315
13 0.7231223998248303 0.8173616191172884 0.004598204510619663 0.0053645452328700315
13 0.7721699146047734 0.8322360399902463 0.0050361287497262975 0.00487685930260912
13 0.7911101379461353 0.6343574737868812 0.003941318151959711 0.004145330407217752
13 0.7845412743595358 0.6303340648622288 0.00481716663017298 0.00487685930260912
13 0.7784103350120429 0.6258229700073152 0.005255090869279615 0.005608388198000487
13 0.7727173199036567 0.6216776396000976 0.00481716663017298 0.005120702267739576
13 0.7685570396321436 0.6083881980004877 0.003941318151959711 0.0053645452328700315
13 0.77195095248522 0.6018044379419654 0.004160280271513028 0.0053645452328700315
13 0.7755638274578498 0.5961960497439649 0.004379242391066345 0.0053645452328700315
13 0.7291438581125466 0.7253108997805413 0.005693015108386249 0.006583760058522311
13 0.7213707028684038 0.7116556937332358 0.004598204510619663 0.005120702267739576
13 0.781913728924896 0.586076566691051 0.003941318151959711 0.005608388198000487
13 0.7226844755857237 0.733723482077542 0.0050361287497262975 0.0053645452328700315
13 0.8347930807970221 0.7941965374298952 0.005474052988832932 0.00487685930260912
13 0.8141011604992336 0.7870031699585467 0.00481716663017298 0.005120702267739576
13 0.8162907816947668 0.8082175079248963 0.00481716663017298 0.006583760058522311
13 0.8137727173199036 0.8068763716166789 0.004598204510619663 0.005852231163130944
13 0.8434420845193782 0.8085832723725921 0.00481716663017298 0.00487685930260912
13 0.7937376833807751 0.7488417459156304 0.004379242391066345 0.0053645452328700315
13 0.786074009196409 0.7429895147524994 0.003941318151959711 0.0053645452328700315
13 0.8455222246551347 0.8038283345525482 0.004598204510619663 0.004145330407217752
13 0.8299759141668491 0.7877346988539381 0.005911977227939566 0.004633016337478664
13 0.8288811035690825 0.7902950499878079 0.005474052988832932 0.00487685930260912
13 0.8351215239763521 0.7913923433308949 0.00481716663017298 0.004633016337478664
13 0.8656667396540398 0.7578639356254572 0.003284431793299759 0.0043891733723482075
13 0.8574556601707904 0.7522555474274567 0.004379242391066345 0.00487685930260912
13 0.8468359973724545 0.7471348451597172 0.0037223560324063936 0.0053645452328700315
13 0.8081891832712941 0.7399414776883687 0.004379242391066345 0.005120702267739576
13 0.8041383840595577 0.7367715191416727 0.004160280271513028 0.005120702267739576
13 0.8042478651193343 0.72994391611802 0.00481716663017298 0.005608388198000487
13 0.8003065469673747 0.726773957571324 0.004379242391066345 0.005120702267739576
13 0.7943945697394351 0.7227505486466715 0.003941318151959711 0.0053645452328700315
9 0.7965841909349682 0.7098268714947574 0.003941318151959711 0.0063399170933918555
13 0.7427195095248522 0.709095342599366 0.00481716663017298 0.0053645452328700315
13 0.737354937595796 0.7154352596927579 0.0050361287497262975 0.005852231163130944
13 0.7314429603678564 0.7242136064374542 0.0050361287497262975 0.0053645452328700315
13 0.7790672213707028 0.5908315045110949 0.003941318151959711 0.005852231163130944
13 0.8843880008758485 0.7171421604486711 0.005255090869279615 0.0053645452328700315
13 0.9814977008977447 0.31504511094854915 0.0028465075541931244 0.00487685930260912
13 0.9190934968250493 0.5749817117776153 0.0028465075541931244 0.005852231163130944
13 0.9019049704401139 0.45488905145086567 0.00481716663017298 0.0026822726164350157
13 0.8889862053864681 0.45049987807851744 0.005255090869279615 0.0031699585466959277
13 0.9059557696518502 0.4356254572055596 0.0019706590759798557 0.005120702267739576
13 0.8851543682942851 0.4329431845891246 0.0019706590759798557 0.004145330407217752
13 0.872345084300416 0.45476712996830043 0.00481716663017298 0.002926115581565472
13 0.8762864024523758 0.4359912216532553 0.004379242391066345 0.0043891733723482075
13 0.8641340048171666 0.4229456230187759 0.0050361287497262975 0.005608388198000487
13 0.8566892927523538 0.4262375030480371 0.004598204510619663 0.0053645452328700315
13 0.8629297131596234 0.41367959034381857 0.00481716663017298 0.005608388198000487
13 0.8619443836216335 0.408558888076079 0.004598204510619663 0.005120702267739576
13 0.881979417560762 0.39941477688368693 0.004379242391066345 0.005852231163130944
9 0.8756295160937158 0.39575713240673005 0.004379242391066345 0.0053645452328700315
13 0.8998248303043573 0.36466715435259694 0.004160280271513028 0.005608388198000487
13 0.901248084081454 0.35613265057303095 0.00481716663017298 0.006583760058522311
13 0.9153711407926429 0.3401609363569861 0.004598204510619663 0.005852231163130944
13 0.9104444931026933 0.3349183126066813 0.003941318151959711 0.005120702267739576
13 0.9479964966060872 0.2792001950743721 0.0037223560324063936 0.005852231163130944
13 0.9625574775563828 0.2934650085345038 0.00481716663017298 0.005120702267739576
13 0.9893803372016641 0.3079736649597659 0.00240858331508649 0.00487685930260912
13 0.9796365228815415 0.33077298219946355 0.0021896211955331727 0.004633016337478664
13 0.9726297350558354 0.3297976103389417 0.0021896211955331727 0.005608388198000487
13 0.9664987957083424 0.3139478176054621 0.00481716663017298 0.0026822726164350157
13 0.986862272826801 0.31467934650085344 0.0021896211955331727 0.005120702267739576
13 0.9536895117144734 0.5658376005852231 0.005911977227939566 0.004145330407217752
13 0.9605868184804028 0.5665691294806144 0.00481716663017298 0.0026822726164350157
13 0.873001970659076 0.7098268714947574 0.004379242391066345 0.005852231163130944
13 0.944164659513904 0.5643745427944403 0.0035033939128530766 0.0060960741282614
13 0.8709218305233195 0.7089734211168007 0.004160280271513028 0.005608388198000487
13 0.9100065688635866 0.7086076566691051 0.003941318151959711 0.00487685930260912
13 0.8945697394350778 0.6949524506217996 0.0037223560324063936 0.0053645452328700315
13 0.9152616597328662 0.7228724701292367 0.005693015108386249 0.005120702267739576
13 0.9204072695423692 0.7266520360887588 0.0050361287497262975 0.0053645452328700315
13 0.936500985329538 0.7379907339673251 0.006130939347492884 0.005120702267739576
13 0.9578497919859864 0.7365276761765424 0.005474052988832932 0.004633016337478664
13 0.9593825268228596 0.7340892465252378 0.004598204510619663 0.004633016337478664
13 0.9646376176921393 0.7247012923677152 0.004598204510619663 0.00487685930260912
13 0.9660608714692358 0.7223847841989759 0.004379242391066345 0.004145330407217752
13 0.9678125684256623 0.7200682760302365 0.00481716663017298 0.00487685930260912
13 0.976899496387125 0.7301877590831505 0.004598204510619663 0.004145330407217752
13 0.9779943069848916 0.7273835649841502 0.0050361287497262975 0.0043891733723482075
13 0.9794175607619882 0.7251889782979761 0.00481716663017298 0.0043891733723482075
13 0.9562075760893366 0.6897098268714947 0.004379242391066345 0.005608388198000487
13 0.9490913072038537 0.6848329675688857 0.004160280271513028 0.005608388198000487
13 0.9635428070943727 0.6766642282370153 0.0037223560324063936 0.005852231163130944
13 0.9591635647033063 0.6736161911728846 0.004598204510619663 0.0060960741282614
13 0.9437267352747974 0.6623994147768837 0.004379242391066345 0.0060960741282614
13 0.9384716444055179 0.6592294562301878 0.003941318151959711 0.005608388198000487
13 0.9359535800306547 0.674835405998537 0.004160280271513028 0.005608388198000487
13 0.9338734398948981 0.672762740794928 0.00481716663017298 0.005852231163130944
13 0.9293847164440552 0.6706900755913192 0.004160280271513028 0.005120702267739576
6 0.20582439238011824 0.3190685198732017 0.015765272607838846 0.030968056571567912