14 0.8071428571428572 0.3051948051948052 0.1508710801393728 0.28385899814471244
13 0.5296167247386759 0.13172541743970315 0.007665505226480836 0.013605442176870748
17 0.1843205574912892 0.08426097711811997 0.03554006968641115 0.06215213358070501
17 0.23397212543554008 0.08534322820037106 0.03519163763066202 0.06184291898577613
17 0.1318815331010453 0.17609771181199751 0.033797909407665506 0.06091527520098949
17 0.1813588850174216 0.17779839208410636 0.03449477351916376 0.06246134817563389
17 0.23118466898954704 0.17872603586889302 0.03519163763066202 0.06184291898577613
14 0.7008710801393728 0.6246134817563389 0.26794425087108015 0.14904143475572046
5 0.8090592334494774 0.30612244897959184 0.25435540069686413 0.4706246134817563
1 0.23222996515679442 0.36379097093382806 0.18501742160278745 0.15800865800865802
1 0.7869337979094077 0.8252937538651824 0.232404181184669 0.21397649969078542
1 0.4189895470383275 0.7909709338280767 0.321602787456446 0.27396413110698825
13 0.5165505226480837 0.11209029066171923 0.008013937282229966 0.013296227581941867
13 0.5238675958188154 0.07931354359925788 0.007317073170731708 0.01453308596165739
13 0.43101045296167245 0.03772418058132344 0.02229965156794425 0.009894867037724181
13 0.41097560975609754 0.22680890538033396 0.008710801393728223 0.015151515151515152
13 0.42770034843205573 0.22866419294990722 0.010104529616724738 0.017006802721088437
13 0.44686411149825783 0.22448979591836735 0.01707317073170732 0.0074211502782931356
13 0.42822299651567947 0.2554112554112554 0.015331010452961672 0.006184291898577613
13 0.4290940766550523 0.26113172541743973 0.014285714285714285 0.006493506493506494
13 0.41306620209059236 0.25525664811379095 0.016376306620209058 0.007730364873222016
13 0.3837979094076655 0.25463821892393323 0.014982578397212544 0.006493506493506494
13 0.3827526132404181 0.26205936920222633 0.0156794425087108 0.007111935683364255
13 0.12351916376306621 0.8184910327767471 0.008710801393728223 0.013605442176870748
13 0.1229965156794425 0.7911255411255411 0.008362369337979094 0.013914656771799629
13 0.05 0.746134817563389 0.0156794425087108 0.006802721088435374
17 0.1343205574912892 0.08256029684601113 0.03588850174216028 0.06184291898577613