12 0.5558521154606564 0.37204325298490654 0.003361012257809411 0.0020274836674926784
13 0.4455318307631475 0.020274836674926786 0.0049426650850138395 0.0027033115566569045
13 0.4625345986555951 0.01835999098896148 0.0049426650850138395 0.0024780355936021626
13 0.47380387504942667 0.026807839603514304 0.0049426650850138395 0.0031538634827663887
13 0.4736061684460261 0.01869790493354359 0.004151838671411625 0.0022527596305474207
13 0.28420324238829575 0.15476458661860779 0.004547251878212732 0.0022527596305474207
13 0.3039739027283511 0.27325974318540214 0.0017793594306049821 0.004505519261094841
13 0.30170027678924477 0.27438612300067583 0.0019770660340055358 0.004956071187204325
13 0.30377619612495055 0.27844109033566117 0.0021747726374060894 0.004505519261094841
13 0.27985369711348357 0.3635954043703537 0.003756425464610518 0.004956071187204325
13 0.29102412020561486 0.3371254787114215 0.002372479240806643 0.005631899076368551
13 0.31593515223408464 0.29691371930615 0.004349545274812179 0.0031538634827663887
13 0.2776789244760775 0.2830592475782834 0.0049426650850138395 0.002928587519711647
13 0.27402135231316727 0.22099571975670196 0.0039541320680110716 0.0063077269655327775
13 0.340351917754053 0.22707817075918 0.0021747726374060894 0.004505519261094841
13 0.3347172795571372 0.2212209957197567 0.004744958481613286 0.0027033115566569045
13 0.3180110715697904 0.1932867763009687 0.0049426650850138395 0.0027033115566569045
13 0.3329379201265322 0.18911917098445596 0.004349545274812179 0.002928587519711647
13 0.28262158956109135 0.1744762333858977 0.0049426650850138395 0.0024780355936021626
9 0.2815342032423883 0.06668168506420365 0.00276789244760775 0.007208830817751746
13 0.2833135626729933 0.12142374408650597 0.004744958481613286 0.0027033115566569045
13 0.2720442862791617 0.09945933768866862 0.002372479240806643 0.0051813471502590676
13 0.2636417556346382 0.11286325749042578 0.004547251878212732 0.0027033115566569045
13 0.26433372874654015 0.08819553953593151 0.004349545274812179 0.0024780355936021626
13 0.26443258204824044 0.0910114890741158 0.004547251878212732 0.0022527596305474207
13 0.1682483194938711 0.4984230682586168 0.0019770660340055358 0.0051813471502590676
9 0.17170818505338079 0.49898625816625364 0.0029655990510083037 0.0063077269655327775
13 0.4561091340450771 0.023090786213111062 0.005140371688414393 0.0020274836674926784
13 0.43129695531830764 0.026695201621986932 0.0021747726374060894 0.005631899076368551
13 0.2431791221826809 0.48625816625366075 0.004349545274812179 0.0024780355936021626
13 0.42872676947410043 0.026695201621986932 0.0017793594306049821 0.004280243298040099
13 0.4291221826809015 0.411353908537959 0.004547251878212732 0.0031538634827663887
13 0.4068801897983393 0.4112412705564316 0.002372479240806643 0.006082451002478036
13 0.44938710952945826 0.407411579184501 0.004349545274812179 0.002928587519711647
13 0.45759193357058126 0.41462041000225275 0.0049426650850138395 0.003379139445821131
9 0.47153024911032027 0.30975444920027034 0.002372479240806643 0.0063077269655327775
13 0.4792408066429419 0.285987835097995 0.004744958481613286 0.0024780355936021626
13 0.4787465401344405 0.28947961252534354 0.004151838671411625 0.0031538634827663887
13 0.48368920521945435 0.2791169182248254 0.004151838671411625 0.0031538634827663887
13 0.4829972321075524 0.26413606668168504 0.004349545274812179 0.002928587519711647
13 0.4262554369315935 0.269880603739581 0.002372479240806643 0.005857175039423294
13 0.527481217872677 0.1896823608920928 0.002372479240806643 0.0063077269655327775
13 0.47578094108343216 0.1081324622662762 0.0021747726374060894 0.005857175039423294
13 0.49120205614867535 0.12592926334760082 0.003361012257809411 0.005857175039423294
13 0.42684855674179517 0.17571525118269882 0.002372479240806643 0.005857175039423294
13 0.43001186239620404 0.17582788916422618 0.0019770660340055358 0.004730795224149583
13 0.4030249110320285 0.11308853345348051 0.0025701858442071963 0.004505519261094841
9 0.379300118623962 0.10554178869114665 0.0025701858442071963 0.006082451002478036
13 0.44820086990905494 0.102613201171435 0.002372479240806643 0.004730795224149583
13 0.5235270858046659 0.06544266726740257 0.004349545274812179 0.003829691371930615
13 0.4565045472518782 0.020387474656454158 0.004744958481613286 0.0024780355936021626
13 0.45205614867536575 0.04032439738679883 0.0021747726374060894 0.004505519261094841
13 0.4499802293396599 0.039873845460689346 0.0019770660340055358 0.004956071187204325
13 0.447508896797153 0.039873845460689346 0.0017793594306049821 0.004956071187204325
13 0.44493871095294585 0.039761207479161974 0.0017793594306049821 0.004280243298040099
13 0.43426255436931593 0.0396485694976346 0.0021747726374060894 0.004505519261094841
9 0.25869909054962437 0.48186528497409326 0.004151838671411625 0.00765938274386123
12 0.20284697508896798 0.5640910114890741 0.0019770660340055358 0.004956071187204325
13 0.42704626334519574 0.4281369677855373 0.002372479240806643 0.0051813471502590676
13 0.02332937920126532 0.41811218742960127 0.0039541320680110716 0.0027033115566569045
13 0.021352313167259787 0.4335435908988511 0.004349545274812179 0.002928587519711647
13 0.018386714116251483 0.41304347826086957 0.00276789244760775 0.0051813471502590676
13 0.02066034005535785 0.4129308402793422 0.0017793594306049821 0.004505519261094841
13 0.023032819296164492 0.41270556431628747 0.0017793594306049821 0.004956071187204325
13 0.14837880585211546 0.1726740256814598 0.004547251878212732 0.0024780355936021626
13 0.13849347568208778 0.1558909664338815 0.0017793594306049821 0.004956071187204325
13 0.13612099644128114 0.038860103626943004 0.0017793594306049821 0.0051813471502590676
13 0.14126136812969553 0.04291507096192836 0.0021747726374060894 0.004730795224149583
13 0.13582443653618032 0.04539310655553053 0.0019770660340055358 0.004730795224149583
13 0.13552787663107949 0.05136291957648119 0.0017793594306049821 0.004505519261094841
13 0.13473705021747726 0.056544266726740254 0.0017793594306049821 0.004956071187204325
13 0.13424278370897588 0.06870916873169633 0.002372479240806643 0.005406623113313809
13 0.13394622380387505 0.07456634377111962 0.0021747726374060894 0.004956071187204325
13 0.1333531039936734 0.08064879477359765 0.0021747726374060894 0.004505519261094841
13 0.13829576907868724 0.09709394007659383 0.0021747726374060894 0.004505519261094841
13 0.1379992091735864 0.10452804685740032 0.0019770660340055358 0.004505519261094841
13 0.12069988137603796 0.3014192385672449 0.004547251878212732 0.0031538634827663887
13 0.12079873467773823 0.3059247578283397 0.004349545274812179 0.0027033115566569045
13 0.15816528272044286 0.308740707366524 0.0031633056544088573 0.0024780355936021626
13 0.15826413602214315 0.30389727416084705 0.004151838671411625 0.0022527596305474207
13 0.048240411229735075 0.38127956747015096 0.0039541320680110716 0.002928587519711647
13 0.05397390272835113 0.3705789592250507 0.004744958481613286 0.0027033115566569045
13 0.05357848952155002 0.36810092363144853 0.005140371688414393 0.0022527596305474207
13 0.048734677738236455 0.36787564766839376 0.004151838671411625 0.0022527596305474207
13 0.0527876631079478 0.3786888938950214 0.004349545274812179 0.0022527596305474207
13 0.020166073546856466 0.4408650596981302 0.004349545274812179 0.0027033115566569045
13 0.022637406089363384 0.42047758504167604 0.004151838671411625 0.002928587519711647
12 0.20096876235666272 0.5554178869114665 0.0021747726374060894 0.004730795224149583
13 0.023131672597864767 0.42363144852444246 0.005140371688414393 0.0024780355936021626
12 0.2027481217872677 0.5556431628745213 0.0017793594306049821 0.0051813471502590676
13 0.1997825227362594 0.3496282946609597 0.0017793594306049821 0.004956071187204325
13 0.17467378410438908 0.3185402117594053 0.0049426650850138395 0.0027033115566569045
13 0.19918940292605772 0.3250732146879928 0.004547251878212732 0.0022527596305474207
13 0.1993871095294583 0.32022978148231585 0.004547251878212732 0.0024780355936021626
13 0.1980031633056544 0.3175264699256589 0.004151838671411625 0.0024780355936021626
13 0.17220245156188216 0.27787790042802435 0.0039541320680110716 0.0024780355936021626
9 0.20047449584816132 0.3055868438837576 0.0039541320680110716 0.009236314485244425
9 0.16627125345986557 0.2927461139896373 0.002372479240806643 0.006082451002478036
9 0.16884143930407275 0.2927461139896373 0.0031633056544088573 0.006983554854697004
13 0.24970344009489917 0.27461139896373055 0.002372479240806643 0.004956071187204325
13 0.19572953736654805 0.27900428024329804 0.005140371688414393 0.002928587519711647
9 0.17259786476868327 0.20624014417661635 0.0071174377224199285 0.005631899076368551
13 0.21144721233689207 0.16839378238341968 0.0049426650850138395 0.002928587519711647
13 0.21451166468960065 0.08031088082901554 0.005140371688414393 0.003829691371930615
9 0.19493871095294582 0.0972065780581212 0.005931198102016607 0.0024780355936021626
9 0.20284697508896798 0.037508447848614554 0.004744958481613286 0.005631899076368551
9 0.09717279557137208 0.41270556431628747 0.006919731119019375 0.004054967334985357
13 0.06890075128509292 0.40290605992340617 0.0025701858442071963 0.005631899076368551
13 0.0809608540925267 0.40425771570173463 0.0021747726374060894 0.0051813471502590676
13 0.07819296164491894 0.4065104753322821 0.0025701858442071963 0.0051813471502590676
13 0.07137208382759984 0.40335661184951566 0.002372479240806643 0.0051813471502590676
13 0.04112297350731514 0.41394458211308854 0.00276789244760775 0.005631899076368551
13 0.021055753262158958 0.4308402793421942 0.004151838671411625 0.002928587519711647
13 0.022538552787663108 0.4261094841180446 0.004744958481613286 0.0024780355936021626
13 0.43960063266113086 0.41856273935571076 0.004547251878212732 0.005857175039423294
13 0.4450375642546461 0.4277990538409552 0.002372479240806643 0.004505519261094841
12 0.5599051008303677 0.39378238341968913 0.002372479240806643 0.0063077269655327775
13 0.028272044286279163 0.6245776075692724 0.0031633056544088573 0.005631899076368551
13 0.029062870699881376 0.6200720883081775 0.0031633056544088573 0.005631899076368551
13 0.026888098062475288 0.6190583464744311 0.00276789244760775 0.005406623113313809
13 0.028766310794780547 0.09585492227979274 0.0021747726374060894 0.004730795224149583
13 0.060695927243969945 0.088646091462041 0.0019770660340055358 0.006082451002478036
13 0.7432779754843811 0.894345573327326 0.004151838671411625 0.0022527596305474207
13 0.7438710952945828 0.8914169858076143 0.004151838671411625 0.0027033115566569045
16 0.7098655595096877 0.9222797927461139 0.010873863187030448 0.0063077269655327775
9 0.6504547251878213 0.8496282946609597 0.0055357848952155 0.003379139445821131
13 0.6465994464215105 0.8510925884208155 0.0017793594306049821 0.004956071187204325
13 0.7247924080664294 0.8889389502140121 0.004744958481613286 0.0027033115566569045
13 0.7653222617635429 0.9216039648569497 0.002372479240806643 0.004956071187204325
13 0.7627520759193357 0.9214913268754223 0.0019770660340055358 0.004730795224149583
13 0.7660142348754448 0.9266726740256814 0.0029655990510083037 0.004730795224149583
13 0.7355674179517596 0.9404145077720207 0.0049426650850138395 0.0024780355936021626
13 0.6506524317912218 0.9436810092363145 0.004744958481613286 0.0031538634827663887
13 0.6894029260577303 0.9809641811218743 0.002372479240806643 0.0051813471502590676
13 0.7187623566627125 0.9757828339716152 0.004151838671411625 0.004280243298040099
13 0.6954329774614472 0.9727416084703762 0.004151838671411625 0.0027033115566569045
13 0.6952352708580467 0.9697003829691372 0.003756425464610518 0.0020274836674926784
13 0.8001186239620404 0.989975219644064 0.004744958481613286 0.004730795224149583
13 0.8114867536575722 0.9870466321243523 0.0049426650850138395 0.005631899076368551
13 0.8172202451561882 0.9900878576255914 0.0049426650850138395 0.005406623113313809
13 0.8222617635429024 0.9800630772696554 0.004744958481613286 0.0051813471502590676
13 0.8301700276789244 0.9668844334309529 0.004744958481613286 0.004956071187204325
13 0.8480624752866746 0.9461590448299166 0.004547251878212732 0.005406623113313809
13 0.03133649663898774 0.626267177292183 0.0029655990510083037 0.005406623113313809
13 0.025899565045472518 0.6250281594953818 0.002372479240806643 0.0051813471502590676
13 0.9020363780150257 0.9495381842757378 0.004547251878212732 0.005406623113313809
13 0.033511269276393835 0.625703987384546 0.003361012257809411 0.005631899076368551
13 0.46184262554369315 0.9384996620860554 0.0019770660340055358 0.004505519261094841
13 0.3639778568604191 0.9644063978373507 0.004349545274812179 0.004505519261094841
13 0.32858837485172004 0.9230682586168056 0.004349545274812179 0.0024780355936021626
13 0.34104389086595494 0.9252083802658256 0.004349545274812179 0.0027033115566569045
12 0.2641360221431396 0.9676728993016445 0.004744958481613286 0.002928587519711647
13 0.1780347963621985 0.9522414958323947 0.0049426650850138395 0.0022527596305474207
13 0.06949387109529458 0.9627168281144401 0.0049426650850138395 0.003379139445821131
13 0.016903914590747332 0.9591124127055644 0.004151838671411625 0.003829691371930615
13 0.01818900751285093 0.9624915521513855 0.004349545274812179 0.003829691371930615
13 0.01720047449584816 0.6735751295336787 0.004349545274812179 0.0027033115566569045
13 0.0166073546856465 0.6779680108132462 0.0035587188612099642 0.0020274836674926784
13 0.01631079478054567 0.6806713223699031 0.004151838671411625 0.0024780355936021626
13 0.01571767497034401 0.6895697229105654 0.004151838671411625 0.0027033115566569045
13 0.015618821668643732 0.6985807614327552 0.0035587188612099642 0.0018022077044379365
13 0.015322261763542903 0.7028610047307953 0.004151838671411625 0.0027033115566569045
13 0.015025701858442072 0.70736652399189 0.0039541320680110716 0.0022527596305474207
13 0.009094503756425464 0.7277539986483442 0.0039541320680110716 0.0024780355936021626
13 0.04675761170423092 0.6748141473304798 0.004151838671411625 0.0024780355936021626
13 0.0468564650059312 0.6776300968686642 0.004349545274812179 0.0022527596305474207
13 0.046263345195729534 0.6814597882405947 0.004744958481613286 0.0027033115566569045
13 0.01542111506524318 0.6941878801531877 0.005140371688414393 0.0020274836674926784
13 0.016211941478845394 0.6850642036494706 0.004744958481613286 0.0022527596305474207
13 0.027283511269276393 0.6804460464068484 0.004744958481613286 0.006082451002478036
13 0.023527085804665875 0.6245776075692724 0.0031633056544088573 0.0051813471502590676
13 0.03637801502570186 0.6258166253660734 0.0031633056544088573 0.005406623113313809
13 0.8955120601028075 0.9469475107006082 0.0049426650850138395 0.005631899076368551
13 0.9223013048635824 0.9346699707141248 0.004744958481613286 0.004956071187204325
13 0.43159351522340844 0.42047758504167604 0.004744958481613286 0.002928587519711647
9 0.6491696322657177 0.050799729668844336 0.004547251878212732 0.005631899076368551
13 0.5736457097667063 0.06983554854697004 0.004151838671411625 0.005406623113313809
13 0.553183076314749 0.2215589096643388 0.004744958481613286 0.002928587519711647
13 0.5576314748912614 0.22212209957197568 0.0049426650850138395 0.0027033115566569045
13 0.5824436536180309 0.23541338139220544 0.002372479240806643 0.004505519261094841
13 0.6029062870699882 0.22505068709168732 0.004547251878212732 0.003604415408875873
13 0.6061684460260973 0.2418337463392656 0.0019770660340055358 0.0051813471502590676
13 0.6040925266903915 0.3842081549898626 0.004547251878212732 0.002928587519711647
13 0.6242586002372479 0.433205676954269 0.003361012257809411 0.005406623113313809
13 0.5961842625543693 0.42858751971164677 0.004547251878212732 0.003379139445821131
13 0.5866943455911428 0.4157467898175265 0.003756425464610518 0.004730795224149583
13 0.5902530644523527 0.4157467898175265 0.003756425464610518 0.004280243298040099
13 0.5510083036773428 0.42047758504167604 0.004744958481613286 0.0024780355936021626
13 0.38018979833926453 0.2255012390177968 0.0035587188612099642 0.004956071187204325
9 0.2777777777777778 0.4191259292633476 0.002372479240806643 0.005631899076368551
13 0.3526097271648873 0.36303221446271683 0.004547251878212732 0.0024780355936021626
13 0.29922894424673785 0.34613651723361116 0.003756425464610518 0.0024780355936021626
13 0.29913009094503756 0.3488398287902681 0.004744958481613286 0.0020274836674926784
9 0.5087979438513246 0.40380716377562514 0.005733491498616054 0.003379139445821131
13 0.5078094108343219 0.4169858076143276 0.0025701858442071963 0.005857175039423294
13 0.5195729537366548 0.4202523090786213 0.0019770660340055358 0.004280243298040099
13 0.5098853301700277 0.4172110835773823 0.0019770660340055358 0.005406623113313809
9 0.5012850929221035 0.4159720657805812 0.0021747726374060894 0.005631899076368551
13 0.4984183471727956 0.4156341518359991 0.0019770660340055358 0.004956071187204325
13 0.48398576512455516 0.4156341518359991 0.0019770660340055358 0.004956071187204325
13 0.48141557928034795 0.41867537733723814 0.0019770660340055358 0.004280243298040099
13 0.6529260577303282 0.029961703086280694 0.004151838671411625 0.005406623113313809
13 0.7504942665085014 0.07186303221446272 0.004349545274812179 0.004956071187204325
13 0.9254646105179913 0.9252083802658256 0.0039541320680110716 0.005406623113313809
13 0.7488137603795967 0.07006082451002478 0.004151838671411625 0.004956071187204325
13 0.9384143930407276 0.9166478936697454 0.004547251878212732 0.004956071187204325
13 0.868920521945433 0.918337463392656 0.0039541320680110716 0.004280243298040099
13 0.8765322261763543 0.9151835999098896 0.004151838671411625 0.0051813471502590676
13 0.9043100039541321 0.8889389502140121 0.004744958481613286 0.004956071187204325
13 0.950375642546461 0.9002027483667493 0.005140371688414393 0.005857175039423294
13 0.9624357453538949 0.8829691371930615 0.0039541320680110716 0.004730795224149583
13 0.9642151047844998 0.8759855823383645 0.0039541320680110716 0.004730795224149583
13 0.8780150257018584 0.8393782383419689 0.004349545274812179 0.004505519261094841
13 0.8948200869909055 0.8144852444244199 0.004349545274812179 0.004730795224149583
9 0.963918544879399 0.8174138319441315 0.0049426650850138395 0.006082451002478036
13 0.966785290628707 0.601712097319216 0.004349545274812179 0.0022527596305474207
9 0.9715302491103203 0.40876323496282946 0.002372479240806643 0.006082451002478036
12 0.9877421905891657 0.35120522640234286 0.0019770660340055358 0.004956071187204325
13 0.9833926453143536 0.3447848614552827 0.002372479240806643 0.005631899076368551
13 0.6611308817714512 0.2897048884883983 0.0019770660340055358 0.004505519261094841
13 0.6867338869118228 0.27844109033566117 0.004151838671411625 0.0031538634827663887
13 0.6637010676156584 0.2545618382518585 0.0031633056544088573 0.004956071187204325
13 0.6657769869513642 0.2561387699932417 0.003361012257809411 0.005406623113313809
13 0.6683471727955713 0.25636404595629647 0.0029655990510083037 0.004956071187204325
13 0.6708185053380783 0.2567019599008786 0.0031633056544088573 0.0051813471502590676
13 0.7241992882562278 0.09968461365172336 0.004744958481613286 0.004730795224149583
13 0.6627125345986556 0.20624014417661635 0.0031633056544088573 0.0051813471502590676
13 0.6652827204428627 0.2080423518810543 0.0035587188612099642 0.005631899076368551
13 0.6676551996836695 0.20815498986258166 0.0031633056544088573 0.004956071187204325
13 0.707493080268881 0.13820680333408425 0.004151838671411625 0.0051813471502590676
13 0.05318307631474891 0.37621085830141926 0.004349545274812179 0.0027033115566569045
13 0.04942665085013839 0.3543590898851093 0.004349545274812179 0.0022527596305474207
13 0.05417160933175168 0.3494030186979049 0.004349545274812179 0.0022527596305474207
13 0.022736259391063662 0.14485244424419916 0.00276789244760775 0.005406623113313809
13 0.036180308422301306 0.14676728993016444 0.002372479240806643 0.004280243298040099
13 0.03825622775800712 0.1411353908537959 0.0021747726374060894 0.0051813471502590676
13 0.042408066429418745 0.14147330479837802 0.0021747726374060894 0.005406623113313809
13 0.054863582443653615 0.14181121874296013 0.0021747726374060894 0.0051813471502590676
13 0.04359430604982206 0.12423969362469024 0.0021747726374060894 0.004730795224149583
13 0.04339659944642151 0.12953367875647667 0.0021747726374060894 0.004505519261094841
13 0.04992091735863978 0.1303221446271683 0.0025701858442071963 0.006082451002478036
13 0.054369315935152235 0.13043478260869565 0.0019770660340055358 0.004505519261094841
13 0.06109134045077105 0.13122324847938724 0.0019770660340055358 0.004730795224149583
13 0.06336496638987742 0.13144852444244198 0.0021747726374060894 0.004730795224149583
9 0.04764729141953341 0.11804460464068484 0.0071174377224199285 0.0031538634827663887
13 0.08936338473705022 0.12874521288578508 0.004349545274812179 0.0024780355936021626
13 0.048536971134835905 0.15814372606442892 0.0021747726374060894 0.005857175039423294
13 0.042408066429418745 0.15758053615679207 0.0025701858442071963 0.005631899076368551
13 0.06988928430209569 0.15994593376886687 0.0021747726374060894 0.004956071187204325
13 0.06306840648477659 0.15960801982428474 0.00276789244760775 0.00653300292858752
13 0.045373665480427046 0.06983554854697004 0.0021747726374060894 0.004956071187204325
13 0.0498220640569395 0.07006082451002478 0.0019770660340055358 0.004956071187204325
13 0.054369315935152235 0.07017346249155215 0.0019770660340055358 0.004730795224149583
13 0.0566429418742586 0.07017346249155215 0.0017793594306049821 0.004280243298040099
13 0.057334914986160536 0.11207479161973417 0.0019770660340055358 0.004280243298040099
13 0.05506128904705417 0.11218742960126155 0.0017793594306049821 0.004956071187204325
13 0.044286279161724 0.10587970263572877 0.0015816528272044287 0.004956071187204325
13 0.046263345195729534 0.1057670646542014 0.002372479240806643 0.0051813471502590676
13 0.04833926453143535 0.11128632574904258 0.0021747726374060894 0.004505519261094841
13 0.025108738631870305 0.15600360441540886 0.002372479240806643 0.004730795224149583
13 0.02520759193357058 0.13967109709394007 0.0021747726374060894 0.005406623113313809
13 0.05516014234875445 0.10644289254336563 0.0019770660340055358 0.0051813471502590676
13 0.025405298536971134 0.14496508222572652 0.0017793594306049821 0.004730795224149583
13 0.03786081455120601 0.33994142824960577 0.004151838671411625 0.0022527596305474207
13 0.03825622775800712 0.3271006983554855 0.003756425464610518 0.0022527596305474207
13 0.03904705417160933 0.31358414057220096 0.004547251878212732 0.0027033115566569045
13 0.04023329379201265 0.2964631673800405 0.0049426650850138395 0.0022527596305474207
13 0.039244760775009886 0.2935345798603289 0.004151838671411625 0.0022527596305474207
9 0.05318307631474891 0.24600135165577833 0.006326611308817715 0.004054967334985357
9 0.06138790035587188 0.2153638206803334 0.004151838671411625 0.0022527596305474207
9 0.05229339659944642 0.23372381166929487 0.004151838671411625 0.0024780355936021626
9 0.06395808620007909 0.23113313809416536 0.005338078291814947 0.0031538634827663887
9 0.06405693950177936 0.22640234287001576 0.0055357848952155 0.0027033115566569045
9 0.06227758007117438 0.22291056544266727 0.005140371688414393 0.0024780355936021626
9 0.06188216686437327 0.21829240820004506 0.005140371688414393 0.0027033115566569045
13 0.09786476868327403 0.27393557107456634 0.004349545274812179 0.0022527596305474207
13 0.0608936338473705 0.2115341293084028 0.004744958481613286 0.0022527596305474207
13 0.06376037959667853 0.23552601937373283 0.003756425464610518 0.002928587519711647
13 0.08827599841834717 0.15420139671097094 0.004547251878212732 0.0024780355936021626
9 0.16043890865954924 0.166366298715927 0.004547251878212732 0.0024780355936021626
9 0.13651640964808226 0.12874521288578508 0.0021747726374060894 0.004730795224149583
12 0.14758797943851323 0.17019599008785763 0.005733491498616054 0.002928587519711647
13 0.12149070778964018 0.16963280018022078 0.005338078291814947 0.004505519261094841
13 0.06988928430209569 0.13111061049785988 0.0021747726374060894 0.005406623113313809
13 0.07384341637010676 0.15949538184275738 0.0021747726374060894 0.006758278891642262
13 0.0656385923289838 0.15927010587970264 0.002372479240806643 0.005857175039423294
13 0.08797943851324634 0.14440189231808967 0.0055357848952155 0.0031538634827663887
13 0.02797548438117833 0.12930840279342193 0.0017793594306049821 0.004956071187204325
13 0.050711743772241996 0.10599234061725614 0.0021747726374060894 0.0051813471502590676
13 0.05753262158956109 0.10666816850642037 0.0019770660340055358 0.004730795224149583
13 0.05476472914195334 0.35199369227303445 0.004349545274812179 0.0024780355936021626
13 0.04082641360221431 0.06949763460238792 0.0017793594306049821 0.005631899076368551
13 0.045077105575326216 0.0754674476233386 0.0019770660340055358 0.004505519261094841
13 0.0498220640569395 0.07569272358639333 0.0019770660340055358 0.004505519261094841
13 0.04735073151443258 0.07512953367875648 0.0017793594306049821 0.004730795224149583
13 0.04784499802293397 0.07028610047307952 0.0019770660340055358 0.004505519261094841
13 0.05219454329774614 0.06972291056544266 0.0019770660340055358 0.0051813471502590676
13 0.043001186239620404 0.06994818652849741 0.0021747726374060894 0.004730795224149583
13 0.08066429418742586 0.07693174138319442 0.0015816528272044287 0.004730795224149583
13 0.0387504942665085 0.06961027258391529 0.0019770660340055358 0.004956071187204325
13 0.06227758007117438 0.057220094615904486 0.0019770660340055358 0.004505519261094841
13 0.047943851324634246 0.05823383644965082 0.0017793594306049821 0.003379139445821131
13 0.04586793198892843 0.058008560486596084 0.0015816528272044287 0.003829691371930615
13 0.04329774614472123 0.057220094615904486 0.0015816528272044287 0.004956071187204325
13 0.04112297350731514 0.05699481865284974 0.0015816528272044287 0.004505519261094841
13 0.03904705417160933 0.057558008560486595 0.0017793594306049821 0.004730795224149583
13 0.025701858442071967 0.05699481865284974 0.0019770660340055358 0.004956071187204325
13 0.027481217872676947 0.05767064654201397 0.0019770660340055358 0.005857175039423294
13 0.03944246737841044 0.026019373732822707 0.004151838671411625 0.003829691371930615
13 0.028272044286279163 0.026807839603514304 0.004349545274812179 0.004505519261094841
13 0.02837089758797944 0.03063753097544492 0.004151838671411625 0.004505519261094841
13 0.039739027283511266 0.020387474656454158 0.004744958481613286 0.004280243298040099
9 0.936041913799921 0.8442216715476458 0.01640964808224595 0.01869790493354359
6 0.11378015025701858 0.6647893669745438 0.022736259391063662 0.008109934669970714
6 0.13058521154606564 0.6571299842306826 0.04052985369711348 0.03063753097544492
6 0.802491103202847 0.11139896373056994 0.015816528272044286 0.022302320342419465
12 0.9268485567417952 0.23023203424194638 0.00276789244760775 0.007208830817751746
13 0.03835508105970739 0.07479161973417436 0.0019770660340055358 0.004956071187204325
13 0.07423882957690787 0.07738229330930389 0.0021747726374060894 0.005631899076368551
13 0.06682483194938711 0.0948411804460464 0.002372479240806643 0.004054967334985357
13 0.07344800316330566 0.09011038522189682 0.0017793594306049821 0.004956071187204325
13 0.06484776591538158 0.09472854246451903 0.0019770660340055358 0.004280243298040099
13 0.057433768287860815 0.09472854246451903 0.0021747726374060894 0.004730795224149583
13 0.05545670225385528 0.09439062851993692 0.0017793594306049821 0.004505519261094841
13 0.05328192961644919 0.09405271457535481 0.0025701858442071963 0.0051813471502590676
13 0.051304863582443655 0.09360216264924533 0.0021747726374060894 0.004730795224149583
13 0.048833531039936734 0.09360216264924533 0.002372479240806643 0.0051813471502590676
13 0.04655990510083037 0.09360216264924533 0.0021747726374060894 0.005631899076368551
13 0.04438513246342428 0.0937148006307727 0.0021747726374060894 0.004956071187204325
13 0.04221035982601819 0.09315161072313584 0.0021747726374060894 0.0051813471502590676
13 0.040134440490312374 0.09337688668619058 0.0019770660340055358 0.004730795224149583
13 0.03795966785290629 0.08774498760982204 0.002372479240806643 0.0051813471502590676
13 0.04033214709371293 0.08785762559134941 0.0019770660340055358 0.005406623113313809
13 0.042605773032819295 0.08785762559134941 0.0021747726374060894 0.004956071187204325
13 0.04468169236852511 0.08751971164676729 0.0019770660340055358 0.005631899076368551
13 0.0468564650059312 0.08774498760982204 0.0019770660340055358 0.0051813471502590676
13 0.049031237643337285 0.08797026357287678 0.0019770660340055358 0.004730795224149583
13 0.0536773428232503 0.08842081549898625 0.0017793594306049821 0.004730795224149583
13 0.05575326215895611 0.08853345348051363 0.002372479240806643 0.0063077269655327775
13 0.0579280347963622 0.08887136742509574 0.002372479240806643 0.005631899076368551
13 0.05852115460656386 0.07603063753097544 0.0019770660340055358 0.006082451002478036
13 0.06099248714907078 0.07625591349403019 0.0021747726374060894 0.004730795224149583
13 0.0711743772241993 0.09551700833521064 0.002372479240806643 0.004505519261094841
13 0.07334914986160537 0.09495381842757378 0.0019770660340055358 0.004730795224149583
13 0.07552392249901146 0.09506645640910115 0.0019770660340055358 0.004505519261094841
13 0.07759984183471728 0.09517909439062852 0.0017793594306049821 0.004730795224149583
13 0.03786081455120601 0.34275737778779003 0.003756425464610518 0.0020274836674926784
9 0.03756425464610518 0.34816400090110383 0.004349545274812179 0.002928587519711647
13 0.036476868327402136 0.3699031313358865 0.004151838671411625 0.0027033115566569045
13 0.03845393436140767 0.321806713223699 0.003756425464610518 0.0024780355936021626
13 0.05001977066034006 0.3382518585266952 0.004744958481613286 0.0024780355936021626
13 0.050711743772241996 0.32518585266952016 0.0049426650850138395 0.0024780355936021626
13 0.05565440885725583 0.3250732146879928 0.003756425464610518 0.0022527596305474207
13 0.05031633056544089 0.32248254111286323 0.004151838671411625 0.0024780355936021626
13 0.05545670225385528 0.32214462716828113 0.003756425464610518 0.0018022077044379365
13 0.054962435745353894 0.31989186753773374 0.0039541320680110716 0.0022527596305474207
13 0.05624752866745749 0.3141473304798378 0.003756425464610518 0.0015769317413831944
13 0.051304863582443655 0.31448524442441994 0.004547251878212732 0.0022527596305474207
13 0.051799130090945035 0.30355936021626495 0.004349545274812179 0.0024780355936021626
13 0.05170027678924476 0.3063753097544492 0.004547251878212732 0.0022527596305474207
13 0.05614867536575722 0.30885334534805137 0.004349545274812179 0.0018022077044379365
13 0.05644523527085805 0.3011939626041901 0.004151838671411625 0.0018022077044379365
9 0.14126136812969553 0.2476909213786889 0.0049426650850138395 0.0024780355936021626
9 0.11239620403321471 0.25275963054742057 0.004547251878212732 0.0022527596305474207
9 0.03548833531039937 0.224036945257941 0.005338078291814947 0.0024780355936021626
13 0.0592131277184658 0.1589321919351205 0.0025701858442071963 0.005631899076368551
13 0.048438117833135626 0.14710520387474657 0.002372479240806643 0.005406623113313809
13 0.02807433768287861 0.11230006758278892 0.002372479240806643 0.0051813471502590676
13 0.02372479240806643 0.1236765037170534 0.002372479240806643 0.004505519261094841
13 0.025899565045472518 0.12435233160621761 0.0019770660340055358 0.004956071187204325
13 0.02807433768287861 0.12412705564316287 0.0019770660340055358 0.004956071187204325
13 0.03598260181890075 0.14124802883532328 0.0019770660340055358 0.004505519261094841
13 0.04448398576512456 0.14169858076143277 0.0019770660340055358 0.004956071187204325
13 0.04675761170423092 0.14169858076143277 0.0021747726374060894 0.005406623113313809
13 0.049031237643337285 0.14158594277990538 0.002372479240806643 0.004730795224149583
13 0.0387504942665085 0.3188781257039874 0.0039541320680110716 0.0024780355936021626
13 0.03835508105970739 0.32439738679882857 0.004349545274812179 0.0022527596305474207
13 0.03637801502570186 0.3732822707817076 0.004349545274812179 0.0022527596305474207
13 0.0387504942665085 0.3080648794773598 0.0039541320680110716 0.0024780355936021626
13 0.05417160933175168 0.3546970038296914 0.004744958481613286 0.0024780355936021626
13 0.06662712534598655 0.3494030186979049 0.0039541320680110716 0.0022527596305474207
13 0.09045077105575326 0.33588646091462043 0.004547251878212732 0.0027033115566569045
13 0.09084618426255436 0.34061725613877 0.003756425464610518 0.0022527596305474207
13 0.08995650454725188 0.35514755575580087 0.004349545274812179 0.0024780355936021626
13 0.11783313562672994 0.37350754674476233 0.0039541320680110716 0.0022527596305474207
13 0.11803084223013048 0.37035368326199597 0.0039541320680110716 0.0022527596305474207
13 0.11832740213523131 0.36686190583464745 0.004151838671411625 0.002928587519711647
13 0.11872281534203243 0.361567920702861 0.004151838671411625 0.0022527596305474207
13 0.08946223803875049 0.36021626492453257 0.003756425464610518 0.0027033115566569045
13 0.08965994464215105 0.36765037170533904 0.003756425464610518 0.0022527596305474207
13 0.06583629893238434 0.358526695201622 0.004744958481613286 0.002928587519711647
13 0.06553973902728351 0.3749718405046182 0.004151838671411625 0.003379139445821131
13 0.06553973902728351 0.36753773372381165 0.005338078291814947 0.002928587519711647
13 0.06662712534598655 0.34163099797251634 0.0039541320680110716 0.0020274836674926784
13 0.06652827204428628 0.3443343095291732 0.004151838671411625 0.0020274836674926784
13 0.11911822854883353 0.35604865960801985 0.004547251878212732 0.0024780355936021626
13 0.11901937524713326 0.3531200720883082 0.004744958481613286 0.002928587519711647
13 0.11901937524713326 0.3480513629195765 0.004349545274812179 0.0031538634827663887
13 0.11931593515223408 0.34275737778779003 0.0049426650850138395 0.0024780355936021626
13 0.12020561486753657 0.32214462716828113 0.004744958481613286 0.0022527596305474207
13 0.12089758797943852 0.31932867763009687 0.003756425464610518 0.0020274836674926784
13 0.09153815737445631 0.31076819103401665 0.004349545274812179 0.0020274836674926784
13 0.09134045077105575 0.32372155890966436 0.004349545274812179 0.0031538634827663887
13 0.06662712534598655 0.3283397161522866 0.004349545274812179 0.0024780355936021626
13 0.057137208382759985 0.1427123225951791 0.002372479240806643 0.0051813471502590676
13 0.06138790035587188 0.1431628745212886 0.0021747726374060894 0.004730795224149583
13 0.06553973902728351 0.1430502365397612 0.0021747726374060894 0.005406623113313809
13 0.06949387109529458 0.1435007884658707 0.0021747726374060894 0.005406623113313809
13 0.07008699090549625 0.07670646542013967 0.0021747726374060894 0.004730795224149583
13 0.06306840648477659 0.0765938274386123 0.002372479240806643 0.004505519261094841
13 0.040431000395413204 0.07524217166028385 0.0017793594306049821 0.004505519261094841
13 0.043001186239620404 0.07558008560486595 0.0017793594306049821 0.004730795224149583
13 0.05219454329774614 0.07591799954944807 0.0019770660340055358 0.004956071187204325
13 0.054369315935152235 0.07591799954944807 0.0015816528272044287 0.004505519261094841
13 0.05624752866745749 0.07524217166028385 0.0017793594306049821 0.003604415408875873
13 0.03865164096480823 0.3052489299391755 0.004151838671411625 0.0027033115566569045
13 0.05604982206405694 0.2981527371029511 0.003361012257809411 0.0024780355936021626
13 0.06791221826809016 0.3070511376436134 0.004547251878212732 0.0022527596305474207
13 0.06741795175958877 0.3175264699256589 0.0039541320680110716 0.0024780355936021626
13 0.06623171213918545 0.3518810542915071 0.004349545274812179 0.0022527596305474207
13 0.05347963621984974 0.37305699481865284 0.004151838671411625 0.0022527596305474207
13 0.048833531039936734 0.3705789592250507 0.004349545274812179 0.0027033115566569045
13 0.048734677738236455 0.37316963280018023 0.004151838671411625 0.0024780355936021626
13 0.05387504942665085 0.35717503942329354 0.004547251878212732 0.002928587519711647
13 0.04962435745353895 0.3492903807163776 0.004349545274812179 0.0024780355936021626
9 0.04972321075523922 0.35154314034692496 0.004151838671411625 0.002928587519711647
13 0.054567022538552785 0.34647443117819327 0.0039541320680110716 0.0031538634827663887
13 0.04992091735863978 0.34636179319666593 0.003756425464610518 0.0024780355936021626
13 0.05347963621984974 0.3651723361117369 0.003756425464610518 0.0027033115566569045
13 0.05347963621984974 0.3598783509799504 0.004547251878212732 0.0024780355936021626
13 0.04922894424673784 0.35694976346023877 0.004744958481613286 0.002928587519711647
13 0.036279161724001585 0.3797026357287677 0.0049426650850138395 0.002928587519711647
13 0.036476868327402136 0.375535030412255 0.003756425464610518 0.0022527596305474207
13 0.07186635033610123 0.0765938274386123 0.0017793594306049821 0.004505519261094841
13 0.07631474891261368 0.07704437936472179 0.0019770660340055358 0.004505519261094841
13 0.07848952155001977 0.07704437936472179 0.0019770660340055358 0.004956071187204325
13 0.046263345195729534 0.11184951565667943 0.0019770660340055358 0.004280243298040099
13 0.07552392249901146 0.14428925433656228 0.002372479240806643 0.0051813471502590676
13 0.07374456306840649 0.14417661635503493 0.002372479240806643 0.004505519261094841
13 0.06751680506128904 0.13189907636855147 0.0025701858442071963 0.004730795224149583
13 0.04784499802293397 0.12457760756927236 0.002372479240806643 0.004956071187204325
13 0.054468169236852514 0.12502815949538185 0.0021747726374060894 0.004956071187204325
13 0.05901542111506524 0.12536607343996395 0.0021747726374060894 0.004730795224149583
13 0.06128904705417161 0.12592926334760082 0.002372479240806643 0.004956071187204325
13 0.06356267299327797 0.12570398738454608 0.0021747726374060894 0.005406623113313809
13 0.06613285883748517 0.11252534354584366 0.0021747726374060894 0.005631899076368551
13 0.04151838671411625 0.11162423969362469 0.0019770660340055358 0.004280243298040099
13 0.04418742586002373 0.11173687767515206 0.0025701858442071963 0.004505519261094841
13 0.0527876631079478 0.11230006758278892 0.002372479240806643 0.0051813471502590676
13 0.07562277580071175 0.08988510925884208 0.0017793594306049821 0.004956071187204325
13 0.06148675365757216 0.11241270556431629 0.0019770660340055358 0.004956071187204325
13 0.05980624752866746 0.10644289254336563 0.0021747726374060894 0.004730795224149583
13 0.06178331356267299 0.10678080648794773 0.0025701858442071963 0.004956071187204325
13 0.06405693950177936 0.10734399639558459 0.002372479240806643 0.004730795224149583
13 0.06652827204428628 0.10678080648794773 0.0021747726374060894 0.004956071187204325
13 0.06860419137999209 0.10711872043252985 0.0019770660340055358 0.004280243298040099
13 0.037366548042704624 0.09360216264924533 0.002372479240806643 0.005631899076368551
13 0.06277184657967576 0.08909664338815049 0.0017793594306049821 0.0051813471502590676
13 0.06494661921708185 0.08954719531425998 0.0017793594306049821 0.004730795224149583
13 0.06712139185448794 0.0897724712773147 0.0021747726374060894 0.004730795224149583
13 0.0693950177935943 0.08965983329578733 0.0019770660340055358 0.004956071187204325
13 0.4775603005140372 0.9404145077720207 0.0021747726374060894 0.005631899076368551
13 0.5115658362989324 0.9669970714124803 0.004547251878212732 0.0024780355936021626
13 0.6512455516014235 0.8528947961252534 0.004744958481613286 0.0031538634827663887
13 0.7452550415183867 0.8447848614552828 0.004547251878212732 0.0031538634827663887
13 0.8415381573744563 0.857625591349403 0.0029655990510083037 0.0063077269655327775
13 0.9103400553578489 0.8668619058346474 0.004151838671411625 0.004505519261094841
13 0.8699090549624358 0.9845685965307501 0.0039541320680110716 0.004280243298040099
9 0.8752471332542507 0.9680108132462266 0.006722024515618822 0.006758278891642262
13 0.9134045077105575 0.9281369677855373 0.004349545274812179 0.004505519261094841
13 0.8299723210755239 0.9568596530750169 0.004349545274812179 0.004280243298040099
13 0.8570581257413997 0.9907636855147556 0.004744958481613286 0.004956071187204325
13 0.8755436931593515 0.9719531425996846 0.003756425464610518 0.003829691371930615
13 0.8628904705417161 0.8396035143050237 0.004547251878212732 0.0027033115566569045
13 0.7973507315144326 0.8474881730119396 0.004349545274812179 0.0018022077044379365
13 0.7970541716093318 0.8508673124577607 0.004547251878212732 0.0022527596305474207
13 0.7248912613681296 0.8915296237891417 0.0049426650850138395 0.0024780355936021626
13 0.7289442467378411 0.8914169858076143 0.004349545274812179 0.0022527596305474207
13 0.7094701463028865 0.9128182022978149 0.005338078291814947 0.0027033115566569045
13 0.6377026492684855 0.8452354133813922 0.004151838671411625 0.0022527596305474207
13 0.6727955713720838 0.8507546744762334 0.004744958481613286 0.002928587519711647
13 0.6218861209964412 0.8819553953593151 0.0025701858442071963 0.005857175039423294
13 0.672499011466983 0.9104528046857401 0.0049426650850138395 0.0024780355936021626
13 0.6737841043890866 0.9177742734850192 0.004349545274812179 0.004054967334985357
13 0.5133451957295374 0.9458211308853345 0.0049426650850138395 0.0024780355936021626
13 0.5700869909054962 0.9268979499887362 0.005338078291814947 0.0024780355936021626
13 0.5540727560300513 0.9266726740256814 0.004151838671411625 0.0024780355936021626
13 0.38572558323448003 0.9660959675602613 0.0035587188612099642 0.0024780355936021626
13 0.3858244365361803 0.9686866411353908 0.004151838671411625 0.0027033115566569045
13 0.35359826018189006 0.9464969587744988 0.004547251878212732 0.003829691371930615
13 0.7550415183867141 0.8909664338815049 0.004744958481613286 0.0027033115566569045
13 0.8982799525504152 0.8175264699256589 0.0049426650850138395 0.005406623113313809
13 0.2622578094108343 0.949312908312683 0.0017793594306049821 0.004054967334985357
13 0.9202253855278766 0.7823834196891192 0.004151838671411625 0.004054967334985357
13 0.19622380387504942 0.07208830817751746 0.004547251878212732 0.0022527596305474207
13 0.19137999209173587 0.03931065555305249 0.004349545274812179 0.002928587519711647
13 0.2388295769078687 0.034354584365848165 0.0019770660340055358 0.004730795224149583
13 0.24891261368129697 0.03784636179319666 0.002372479240806643 0.0063077269655327775
13 0.2780743376828786 0.03931065555305249 0.0029655990510083037 0.004730795224149583
13 0.27856860419137996 0.02815949538184276 0.004349545274812179 0.004505519261094841
13 0.28529062870699884 0.03863482766388826 0.0039541320680110716 0.004280243298040099
13 0.2875642546461052 0.04054967334985357 0.0049426650850138395 0.003604415408875873
13 0.33155397390272834 0.05823383644965082 0.0039541320680110716 0.005631899076368551
13 0.39511664689600634 0.01858526695201622 0.0021747726374060894 0.004730795224149583
13 0.4276393831553974 0.03919801757152512 0.002372479240806643 0.004956071187204325
13 0.45620798734677737 0.04088758729443569 0.0021747726374060894 0.004730795224149583
13 0.46194147884539344 0.025906735751295335 0.003756425464610518 0.0027033115566569045
13 0.5127520759193357 0.038860103626943004 0.004547251878212732 0.004730795224149583
13 0.6504547251878213 0.025906735751295335 0.004744958481613286 0.005857175039423294
13 0.6376037959667853 0.04223924307276414 0.0039541320680110716 0.004730795224149583
13 0.7312178726769474 0.0723135841405722 0.0049426650850138395 0.006758278891642262
13 0.9859628311585606 0.2220094615904483 0.0055357848952155 0.003829691371930615
13 0.9867536575721629 0.22775399864834422 0.004744958481613286 0.0031538634827663887
13 0.9865559509687624 0.2581662536607344 0.00276789244760775 0.005857175039423294
13 0.969652036378015 0.4237440865059698 0.004547251878212732 0.0022527596305474207
13 0.9618426255436932 0.7443117819328677 0.004349545274812179 0.005406623113313809
13 0.9391063661526295 0.7532101824735301 0.005140371688414393 0.003829691371930615
13 0.9197311190193752 0.7904933543590899 0.004744958481613286 0.003604415408875873
13 0.9251680506128904 0.7855372831718855 0.003361012257809411 0.004054967334985357
13 0.18376828786081456 0.9372606442892544 0.0025701858442071963 0.006082451002478036
13 0.25889679715302494 0.9476233385897724 0.0021747726374060894 0.006082451002478036
13 0.030051403716884143 0.07467898175264699 0.002372479240806643 0.004730795224149583
13 0.14551206010280743 0.2088308177517459 0.004349545274812179 0.0022527596305474207
13 0.11575721629102412 0.24859202523090787 0.004151838671411625 0.0024780355936021626
13 0.1132858837485172 0.24521288578508674 0.0035587188612099642 0.0020274836674926784
13 0.11901937524713326 0.24611398963730569 0.004349545274812179 0.0024780355936021626
13 0.07433768287860815 0.23394908763234962 0.004349545274812179 0.0024780355936021626
13 0.0634638196915777 0.20455057445370578 0.004349545274812179 0.0027033115566569045
13 0.06227758007117438 0.2080423518810543 0.004349545274812179 0.0020274836674926784
13 0.08837485172004746 0.1516107231358414 0.004744958481613286 0.0022527596305474207
13 0.08886911822854883 0.14924532552376663 0.003756425464610518 0.0024780355936021626
13 0.07562277580071175 0.14924532552376663 0.0017793594306049821 0.004280243298040099
13 0.0677145116646896 0.148456859653075 0.0017793594306049821 0.004956071187204325
13 0.14916963226571767 0.1387699932417211 0.0049426650850138395 0.0022527596305474207
13 0.14788453934361406 0.1504843433205677 0.004349545274812179 0.0022527596305474207
13 0.1490707789640174 0.14248704663212436 0.0035587188612099642 0.0024780355936021626
13 0.13177145116646896 0.11511601712097319 0.0021747726374060894 0.004956071187204325
13 0.13958086200079084 0.07895922505068709 0.0019770660340055358 0.004730795224149583
13 0.13977856860419138 0.07355260193737329 0.0015816528272044287 0.004280243298040099
13 0.07077896401739818 0.11263798152737103 0.0019770660340055358 0.004956071187204325
13 0.09005535784895216 0.0859427799053841 0.004547251878212732 0.0024780355936021626
13 0.05970739422696718 0.05778328452354134 0.002372479240806643 0.00653300292858752
13 0.04833926453143535 0.1057670646542014 0.0017793594306049821 0.0051813471502590676
13 0.02649268485567418 0.08875872944356837 0.0019770660340055358 0.005406623113313809
13 0.02678924476077501 0.05158819553953593 0.0021747726374060894 0.004956071187204325
13 0.06751680506128904 0.0765938274386123 0.0021747726374060894 0.004956071187204325
13 0.028766310794780547 0.08898400540662312 0.0017793594306049821 0.005406623113313809
13 0.03084223013048636 0.08887136742509574 0.002372479240806643 0.004730795224149583
13 0.11763542902332938 0.22561387699932417 0.0039541320680110716 0.0024780355936021626
13 0.14086595492289442 0.2083802658256364 0.004151838671411625 0.0018022077044379365
13 0.06988928430209569 0.9597882405947286 0.004547251878212732 0.003379139445821131
13 0.12791617240015818 0.1826988060373958 0.0019770660340055358 0.004505519261094841
13 0.04092526690391459 0.9633926560036045 0.004349545274812179 0.004280243298040099
13 0.026986951364175563 0.7377787790042802 0.004547251878212732 0.0027033115566569045
13 0.02738236457097667 0.7269655327776526 0.004151838671411625 0.0031538634827663887
13 0.04675761170423092 0.6723361117368777 0.004151838671411625 0.002928587519711647
13 0.024120205614867538 0.6196215363820681 0.0039541320680110716 0.005631899076368551
13 0.03420324238829577 0.6202973642712323 0.0035587188612099642 0.005631899076368551
13 0.03716884143930407 0.6208605541788691 0.0035587188612099642 0.005406623113313809
13 0.0736457097667062 0.40414507772020725 0.0021747726374060894 0.004956071187204325
13 0.018683274021352312 0.45077720207253885 0.003756425464610518 0.0022527596305474207
13 0.03252273625939106 0.43985131786438386 0.004547251878212732 0.002928587519711647
13 0.04250691973111902 0.4381617481414733 0.0039541320680110716 0.0027033115566569045
13 0.042605773032819295 0.43523316062176165 0.003756425464610518 0.0018022077044379365
13 0.042704626334519574 0.4326424870466321 0.004349545274812179 0.0024780355936021626
13 0.12000790826413603 0.4053840955170083 0.0019770660340055358 0.004280243298040099
13 0.11466982997232107 0.4050461815724262 0.0019770660340055358 0.004505519261094841
13 0.12465401344404903 0.4061725613876999 0.0021747726374060894 0.004505519261094841
13 0.12702649268485566 0.4060599234061726 0.0021747726374060894 0.004730795224149583
13 0.1297943851324634 0.4062851993692273 0.0021747726374060894 0.004730795224149583
13 0.08313562672993279 0.4050461815724262 0.0017793594306049821 0.005406623113313809
13 0.07295373665480427 0.4159720657805812 0.00276789244760775 0.005631899076368551
13 0.04359430604982206 0.2556882180671322 0.005338078291814947 0.0027033115566569045
13 0.0523922499011467 0.22955620635278215 0.0039541320680110716 0.0027033115566569045
13 0.1430407275603005 0.21243523316062177 0.004151838671411625 0.0027033115566569045
13 0.1201067615658363 0.15712998423068258 0.003756425464610518 0.002928587519711647
13 0.1205021747726374 0.15149808515431404 0.003756425464610518 0.0024780355936021626
13 0.21747726374060894 0.08661860779454832 0.004349545274812179 0.0024780355936021626
13 0.1950375642546461 0.09382743861230007 0.005338078291814947 0.0024780355936021626
13 0.1363187030446817 0.032439738679882854 0.0017793594306049821 0.005406623113313809
13 0.6340450771055753 0.48073890515881956 0.0031633056544088573 0.004956071187204325
9 0.6264333728746541 0.45663437711196214 0.005338078291814947 0.006758278891642262
13 0.6108145512060102 0.43883757603063756 0.0021747726374060894 0.005406623113313809
13 0.6276196124950574 0.43140346924983103 0.0029655990510083037 0.005406623113313809
13 0.6249505733491498 0.4274611398963731 0.002372479240806643 0.0051813471502590676
13 0.5529853697113484 0.39862581662536606 0.0019770660340055358 0.005631899076368551
13 0.5427046263345195 0.39761207479161975 0.0019770660340055358 0.005406623113313809
13 0.41063661526294976 0.3066005857175039 0.0019770660340055358 0.004956071187204325
13 0.3262158956109134 0.28013066005857173 0.00276789244760775 0.005631899076368551
13 0.419632265717675 0.27866636629871594 0.005733491498616054 0.0031538634827663887
13 0.4365361803084223 0.1741383194413156 0.0039541320680110716 0.006758278891642262
13 0.38958086200079084 0.14192385672448748 0.003361012257809411 0.004505519261094841
13 0.3960063266113088 0.15544041450777202 0.0019770660340055358 0.004956071187204325
13 0.39630288651640966 0.1489074115791845 0.0021747726374060894 0.005406623113313809
13 0.45067220245156187 0.102613201171435 0.0025701858442071963 0.0051813471502590676
13 0.39551206010280743 0.11917098445595854 0.0025701858442071963 0.004054967334985357
13 0.35715697904310006 0.12063527821581438 0.004151838671411625 0.004730795224149583
13 0.35794780545670224 0.14902004956071188 0.003756425464610518 0.0024780355936021626
13 0.3572558323448003 0.15172336111736878 0.004744958481613286 0.002928587519711647
13 0.35616844602609726 0.15453931065555304 0.005338078291814947 0.0027033115566569045
13 0.35666271253459864 0.15994593376886687 0.004744958481613286 0.0027033115566569045
13 0.34480031633056546 0.163325073214688 0.0019770660340055358 0.004956071187204325
13 0.36694345591142746 0.21558909664338816 0.002372479240806643 0.0063077269655327775
13 0.245353894820087 0.20500112637981527 0.004349545274812179 0.0027033115566569045
13 0.3821668643732701 0.22336111736877676 0.0039541320680110716 0.00653300292858752
13 0.3499406880189798 0.22921829240820005 0.0039541320680110716 0.0024780355936021626
13 0.6408659549228944 0.46665915746789816 0.005338078291814947 0.006082451002478036
13 0.6332542506919732 0.4755575580085605 0.0019770660340055358 0.005406623113313809
13 0.13641755634638197 0.02737102951115116 0.0019770660340055358 0.0051813471502590676
13 0.6648873072360617 0.45652173913043476 0.004349545274812179 0.00653300292858752
13 0.0920324238829577 0.3161748141473305 0.004547251878212732 0.0024780355936021626
13 0.06909845788849348 0.0948411804460464 0.0017793594306049821 0.004054967334985357
13 0.05298536971134836 0.10610497859878351 0.0019770660340055358 0.004505519261094841
13 0.2781731909845789 0.3747465645415634 0.004744958481613286 0.002928587519711647
13 0.025405298536971134 0.9497634602387925 0.004151838671411625 0.004956071187204325
13 0.5817516805061289 0.4053840955170083 0.0021747726374060894 0.0051813471502590676
13 0.48705021747726374 0.3993016445145303 0.0017793594306049821 0.004730795224149583
13 0.498220640569395 0.369452579409777 0.002372479240806643 0.005406623113313809
13 0.4959470146302887 0.368551475557558 0.0017793594306049821 0.004505519261094841
13 0.49258600237247924 0.36877675152061273 0.0025701858442071963 0.005857175039423294
13 0.49545274812178725 0.27438612300067583 0.002372479240806643 0.004956071187204325
13 0.511071569790431 0.13133588646091462 0.006326611308817715 0.004956071187204325
13 0.4829972321075524 0.2153638206803334 0.0055357848952155 0.003604415408875873
13 0.5427046263345195 0.22921829240820005 0.002372479240806643 0.0051813471502590676
13 0.5775998418347172 0.23394908763234962 0.0029655990510083037 0.005631899076368551
13 0.5712732305258995 0.23293534579860328 0.0021747726374060894 0.004956071187204325
13 0.5291617240015817 0.21649020049560713 0.004151838671411625 0.0031538634827663887
13 0.5479438513246342 0.22009461590448298 0.004151838671411625 0.0027033115566569045
13 0.6034994068801898 0.3027708943455733 0.004151838671411625 0.0027033115566569045
13 0.6155595096876235 0.31504843433205676 0.004151838671411625 0.002928587519711647
13 0.6398774219058917 0.3250732146879928 0.0049426650850138395 0.0027033115566569045
13 0.6548042704626335 0.3623563865735526 0.0055357848952155 0.002928587519711647
13 0.6780347963621985 0.40955170083352105 0.005338078291814947 0.0031538634827663887
13 0.6780347963621985 0.4268979499887362 0.003756425464610518 0.0027033115566569045
13 0.6772439699485963 0.42971389952692046 0.004547251878212732 0.0020274836674926784
13 0.3401542111506524 0.23338589772471277 0.0017793594306049821 0.005406623113313809
13 0.3406484776591538 0.24273485019148458 0.0019770660340055358 0.004730795224149583
13 0.3079280347963622 0.2849740932642487 0.004547251878212732 0.0027033115566569045
13 0.29369315935152235 0.3292408200045055 0.0021747726374060894 0.004730795224149583
13 0.19869513641755635 0.3702410452804686 0.002372479240806643 0.0051813471502590676
13 0.1903914590747331 0.43500788465870693 0.004744958481613286 0.0027033115566569045
13 0.2133254250691973 0.38837576030637533 0.004349545274812179 0.0022527596305474207
13 0.19118228548833532 0.4005406623113314 0.004744958481613286 0.0022527596305474207
13 0.19652036378015025 0.42554629421040774 0.002372479240806643 0.005857175039423294
13 0.11506524317912219 0.2662761883307051 0.0031633056544088573 0.004505519261094841
13 0.18584420719652037 0.2704437936472178 0.0019770660340055358 0.004730795224149583
13 0.19612495057334914 0.3011939626041901 0.005140371688414393 0.0027033115566569045
13 0.2764926848556742 0.2706690696102726 0.0021747726374060894 0.006082451002478036
13 0.2474298141557928 0.2744987609822032 0.0017793594306049821 0.004730795224149583
13 0.20096876235666272 0.23113313809416536 0.0021747726374060894 0.004054967334985357
13 0.27965599051008305 0.18123451227753998 0.004151838671411625 0.002928587519711647
13 0.2723408461842626 0.20928136967785538 0.004151838671411625 0.004956071187204325
13 0.2791617240015817 0.20195990087857627 0.004744958481613286 0.004730795224149583
13 0.19315935152234084 0.1846136517233611 0.004349545274812179 0.0020274836674926784
13 0.1933570581257414 0.17785537283171884 0.0055357848952155 0.002928587519711647
13 0.19128113879003558 0.1744762333858977 0.005733491498616054 0.0024780355936021626
13 0.2116449189402926 0.17098445595854922 0.0049426650850138395 0.0027033115566569045
13 0.20769078687228154 0.16828114440189232 0.003756425464610518 0.0063077269655327775
13 0.21441281138790036 0.14440189231808967 0.004151838671411625 0.0022527596305474207
13 0.2708580466587584 0.12333858977247128 0.0019770660340055358 0.0051813471502590676
13 0.1887109529458284 0.12649245325523767 0.003756425464610518 0.0024780355936021626
13 0.20877817319098457 0.12176165803108809 0.002372479240806643 0.006082451002478036
13 0.14264531435349942 0.025681459788240595 0.0021747726374060894 0.005406623113313809
13 0.13641755634638197 0.022302320342419465 0.002372479240806643 0.005406623113313809
13 0.22380387504942664 0.37181797702185176 0.004744958481613286 0.0024780355936021626
13 0.21619217081850534 0.3539085379589998 0.004547251878212732 0.0022527596305474207
13 0.20838275998418349 0.3439963955845911 0.002372479240806643 0.005406623113313809
13 0.28934361407671016 0.37699932417211085 0.0021747726374060894 0.005631899076368551
13 0.2912218268090154 0.33002928587519714 0.00276789244760775 0.005406623113313809
13 0.38651640964808226 0.34151835999098895 0.0039541320680110716 0.0022527596305474207
13 0.3818703044681692 0.34140572200946157 0.003756425464610518 0.0024780355936021626
13 0.386417556346382 0.30040549673349853 0.004151838671411625 0.0020274836674926784
13 0.37168841439304073 0.3073890515881955 0.0015816528272044287 0.0051813471502590676
13 0.3718861209964413 0.31707591799954943 0.0019770660340055358 0.0051813471502590676
13 0.3554764729141953 0.33059247578283396 0.004744958481613286 0.0020274836674926784
13 0.36061684460260973 0.35120522640234286 0.0019770660340055358 0.005406623113313809
13 0.37327006722024514 0.3926560036044154 0.0039541320680110716 0.0022527596305474207
13 0.35369711348359034 0.3708042351881054 0.0035587188612099642 0.0022527596305474207
13 0.3537959667852906 0.3740707366523992 0.004547251878212732 0.002928587519711647
13 0.3580466587584025 0.44559585492227977 0.0031633056544088573 0.004956071187204325
13 0.11387900355871886 0.329691371930615 0.0019770660340055358 0.006082451002478036
13 0.35755239224990115 0.43917548997521966 0.0049426650850138395 0.002928587519711647
13 0.27718465796757613 0.4463843207929714 0.002372479240806643 0.006082451002478036
13 0.2763938315539739 0.46023879252083805 0.00276789244760775 0.004956071187204325
13 0.22410043495452747 0.5228655102500563 0.0021747726374060894 0.003604415408875873
13 0.22686832740213522 0.5202748366749268 0.0021747726374060894 0.005631899076368551
13 0.2116449189402926 0.5168956972291057 0.0017793594306049821 0.005631899076368551
13 0.1627125345986556 0.5176841630997973 0.004744958481613286 0.0018022077044379365
13 0.1597469355476473 0.5147555755800856 0.0039541320680110716 0.0027033115566569045
13 0.16370106761565836 0.5153187654877225 0.004349545274812179 0.0024780355936021626
13 0.16330565440885725 0.4838927686415859 0.0015816528272044287 0.004956071187204325
13 0.17991300909450375 0.4614778103176391 0.004744958481613286 0.0020274836674926784
13 0.025899565045472518 0.07490425771570174 0.0019770660340055358 0.004730795224149583
13 0.026294978252273626 0.10633025456183826 0.0015816528272044287 0.004505519261094841
13 0.7909252669039146 0.8423068258616806 0.004547251878212732 0.0027033115566569045
12 0.7404112297350731 0.7778779004280243 0.0015816528272044287 0.0027033115566569045
6 0.772143139580862 0.7546744762333859 0.004547251878212732 0.01667042126605091
6 0.7547449584816133 0.7643613426447398 0.0049426650850138395 0.021626492453255236
6 0.7436733886911823 0.7644739806262671 0.0049426650850138395 0.02275287226852895
6 0.7339857651245552 0.762897048884884 0.006524317912218268 0.02320342419463843
6 0.7131277184657968 0.7660509123676503 0.005140371688414393 0.01779680108132462
6 0.6912811387900356 0.7626717729218292 0.003756425464610518 0.02275287226852895
6 0.6854487939897193 0.7625591349403019 0.005931198102016607 0.022527596305474205
6 0.672499011466983 0.761995945032665 0.004547251878212732 0.024555079972966885
12 0.7048240411229735 0.780806487947736 0.0035587188612099642 0.0022527596305474207
12 0.672499011466983 0.7635728767740482 0.001383946223803875 0.003829691371930615
12 0.6340450771055753 0.7806938499662086 0.002372479240806643 0.006983554854697004
12 0.6024120205614868 0.7934219418788016 0.0019770660340055358 0.0031538634827663887
12 0.6066627125345987 0.7983780130660059 0.0021747726374060894 0.003604415408875873
6 0.6583629893238434 0.7649245325523767 0.004744958481613286 0.020049560711872045
6 0.6453143534994069 0.7690921378688894 0.005140371688414393 0.012615453931065555
6 0.6368129695531831 0.7751745888713675 0.004744958481613286 0.01757152511826988
6 0.6272241992882562 0.7778779004280243 0.003756425464610518 0.022527596305474205
6 0.6018189007512851 0.7856499211534129 0.005931198102016607 0.025906735751295335
6 0.5112692763938316 0.8420815498986258 0.007908264136022143 0.013967109709394007
6 0.5748319493871096 0.8094165352556882 0.012060102807433769 0.02072538860103627
6 0.5456702253855279 0.8239468348727191 0.006326611308817715 0.024555079972966885
6 0.5336101225780941 0.8290155440414507 0.008699090549624358 0.021626492453255236
6 0.49387109529458284 0.8486145528272133 0.007512850929221036 0.02523090786213111
12 0.3206801107156979 0.8656228880378464 0.0019770660340055358 0.002928587519711647
12 0.3309608540925267 0.8776751520612751 0.004744958481613286 0.005406623113313809
12 0.7060102807433768 0.7792295562063528 0.002372479240806643 0.0022527596305474207
12 0.7572162910241202 0.7769767965758053 0.0015816528272044287 0.0031538634827663887
6 0.4794385132463424 0.8471502590673575 0.006326611308817715 0.0241045280468574
12 0.7434756820877817 0.7567019599008786 0.0017793594306049821 0.0031538634827663887
6 0.9187425860023725 0.6407974769092137 0.01383946223803875 0.004730795224149583
6 0.9122182680901542 0.6576931741383194 0.022143139580862 0.007884658706915973
6 0.9090549624357454 0.6723361117368777 0.01542111506524318 0.007884658706915973
6 0.9057928034796362 0.6838251858526695 0.013641755634638196 0.007884658706915973
6 0.8849347568208779 0.7350754674476233 0.01383946223803875 0.008560486596080198
12 0.8735666271253459 0.7494931290831268 0.003756425464610518 0.007208830817751746
6 0.8802886516409648 0.7511826988060374 0.012455516014234875 0.007884658706915973
6 0.8779161724001582 0.7679657580536157 0.012060102807433769 0.010362694300518135
6 0.8688216686437327 0.7782158143726065 0.012455516014234875 0.01193962604190133
6 0.8590351917754053 0.7897048884883983 0.012257809410834321 0.017346249155215137
6 0.8446026097271648 0.7931966659157468 0.0055357848952155 0.01847262897048885
6 0.8227560300514037 0.7861004730795225 0.004151838671411625 0.026807839603514304
6 0.8083234480031634 0.7743861230006758 0.005338078291814947 0.015994593376886686
6 0.7895413206801107 0.7564766839378239 0.0049426650850138395 0.026582563640459564
12 0.8547844998022934 0.7851993692273035 0.004151838671411625 0.005631899076368551
12 0.8423289837880585 0.7865510250056319 0.001383946223803875 0.004280243298040099
12 0.8476670620798734 0.7915070961928362 0.003756425464610518 0.0015769317413831944
12 0.8579478054567022 0.7890290605992341 0.0021747726374060894 0.003379139445821131
12 0.8841439304072756 0.7325974318540212 0.002372479240806643 0.0027033115566569045
12 0.8766310794780545 0.7512953367875648 0.0019770660340055358 0.0031538634827663887
12 0.8740608936338474 0.784748817301194 0.00276789244760775 0.003379139445821131
12 0.846777382364571 0.7966884433430953 0.002372479240806643 0.003379139445821131
12 0.8014037168841439 0.7810317639107908 0.0017793594306049821 0.004054967334985357
12 0.8003163305654409 0.7802432980400992 0.00276789244760775 0.003379139445821131
12 0.7402135231316725 0.7562514079747691 0.00276789244760775 0.0063077269655327775
12 0.34252669039145905 0.8690020274836675 0.0029655990510083037 0.005631899076368551
6 0.46727955713720837 0.8423068258616806 0.005733491498616054 0.014417661635503492
13 0.028568604191379993 0.10666816850642037 0.0017793594306049821 0.004280243298040099
6 0.13552787663107949 0.9205902230232034 0.0049426650850138395 0.013291281820229782
6 0.04369315935152234 0.8963730569948186 0.02056148675365757 0.014868213561612977
6 0.14136022143139582 0.648456859653075 0.01383946223803875 0.022302320342419465
13 0.04280347963621985 0.7083802658256364 0.004151838671411625 0.002928587519711647
13 0.04359430604982206 0.7028610047307953 0.003756425464610518 0.0027033115566569045
13 0.04379201265322262 0.7002703311556657 0.0029655990510083037 0.0024780355936021626
13 0.04418742586002373 0.6976796575805362 0.0029655990510083037 0.0022527596305474207
13 0.044286279161724 0.6954268979499887 0.0035587188612099642 0.0022527596305474207
13 0.04448398576512456 0.6927235863933319 0.0031633056544088573 0.0018022077044379365
13 0.04468169236852511 0.6902455507997297 0.0031633056544088573 0.0018022077044379365
13 0.045769078687228154 0.6874296012615454 0.004151838671411625 0.0024780355936021626
13 0.03163305654408857 0.442329353457986 0.005140371688414393 0.003379139445821131
13 0.04171609331751681 0.4467222347375535 0.004349545274812179 0.0031538634827663887
13 0.04408857255832345 0.422279792746114 0.004349545274812179 0.003379139445821131
13 0.04379201265322262 0.4275737778779004 0.004151838671411625 0.0027033115566569045
13 0.3917556346381969 0.13392656003604417 0.0029655990510083037 0.005631899076368551
13 0.5312376433372875 0.31459788240594727 0.0019770660340055358 0.0051813471502590676
13 0.5336101225780941 0.31425996846136517 0.0019770660340055358 0.004505519261094841
13 0.5829379201265322 0.31425996846136517 0.0021747726374060894 0.005857175039423294
13 0.6298932384341637 0.32642487046632124 0.0035587188612099642 0.0027033115566569045
13 0.6584618426255437 0.3428700157693174 0.004151838671411625 0.0027033115566569045
13 0.8387702649268486 0.0326650146429376 0.003756425464610518 0.0063077269655327775
13 0.8116844602609727 0.03739580986708718 0.003756425464610518 0.005406623113313809
13 0.7966587584025306 0.8542464519035818 0.0049426650850138395 0.003604415408875873
13 0.792506919731119 0.8499662086055418 0.0025701858442071963 0.005857175039423294
13 0.7897390272835113 0.8394908763234963 0.004547251878212732 0.002928587519711647
6 0.060399367338869116 0.9164226177066906 0.01601423487544484 0.023428700157693175
6 0.1477856860419138 0.9095517008335211 0.009292210359826018 0.02095066456409101
6 0.4531435349940688 0.8411804460464068 0.004744958481613286 0.016219869339941427
6 0.15994464215104784 0.9014417661635503 0.00830367734282325 0.02320342419463843
6 0.433570581257414 0.8370128407298941 0.005140371688414393 0.010587970263572877
6 0.41874258600237246 0.8389276864158595 0.005140371688414393 0.018022077044379366
6 0.4042111506524318 0.8434332056769542 0.0029655990510083037 0.014417661635503492
6 0.3914590747330961 0.8535706240144176 0.004349545274812179 0.016219869339941427
6 0.376433372874654 0.8629195764811894 0.007512850929221036 0.0241045280468574
6 0.35794780545670224 0.8684388375760307 0.0049426650850138395 0.024329804009912144
6 0.3420324238829577 0.8701284072989413 0.005140371688414393 0.023653976120747915
12 0.4526492684855674 0.8479387249380491 0.001383946223803875 0.0031538634827663887
12 0.38018979833926453 0.8766614102275287 0.00276789244760775 0.004280243298040099
12 0.2815342032423883 0.8757603063753098 0.0019770660340055358 0.003829691371930615
12 0.2901344404903124 0.8721558909664339 0.0029655990510083037 0.0024780355936021626
12 0.25612890470541716 0.8790268078396035 0.0017793594306049821 0.0031538634827663887
12 0.2099644128113879 0.8709168731696328 0.005140371688414393 0.0027033115566569045
12 0.2585013839462238 0.8713674250957423 0.0025701858442071963 0.004956071187204325
12 0.22904310003954131 0.8705789592250507 0.003756425464610518 0.007434106780806488
6 0.3195927243969949 0.8670871817977022 0.005733491498616054 0.018022077044379366
6 0.30773032819296164 0.8675377337238117 0.006919731119019375 0.019373732822707816
6 0.2820284697508897 0.8628069384996621 0.0029655990510083037 0.012164902004956072
6 0.2573151443258205 0.871592701058797 0.004547251878212732 0.014417661635503492
6 0.24080664294187426 0.8690020274836675 0.004349545274812179 0.014642937598558234
6 0.22370502174772638 0.8731696328001802 0.008896797153024912 0.012164902004956072
6 0.21016211941478846 0.8819553953593151 0.0071174377224199285 0.019373732822707816
6 0.19948596283115855 0.8871367425095742 0.0039541320680110716 0.012615453931065555
6 0.1785290628706999 0.8931065555305249 0.005931198102016607 0.021401216490200495
12 0.13177145116646896 0.9175489975219644 0.0029655990510083037 0.0063077269655327775
6 0.9211150652431791 0.6107231358414057 0.013444049031237644 0.0063077269655327775
6 0.9164689600632661 0.5901103852218968 0.012060102807433769 0.005631899076368551
6 0.9216093317516805 0.5760306375309755 0.01482799525504152 0.005857175039423294
6 0.38562672993277974 0.4898625816625366 0.005338078291814947 0.01193962604190133
6 0.43554764729141954 0.482090560937148 0.006722024515618822 0.012615453931065555
6 0.4488928430209569 0.4748817301193963 0.006128904705417161 0.013516557783284524
6 0.4611506524317912 0.4758954719531426 0.006919731119019375 0.02185176841630998
6 0.4763740608936338 0.4719531425996846 0.00771055753262159 0.021175940527145755
13 0.6296955318307631 0.4889614778103176 0.002372479240806643 0.004730795224149583
12 0.4987149070778964 0.4889614778103176 0.0029655990510083037 0.0015769317413831944
12 0.5226374060893634 0.48040099121423746 0.0029655990510083037 0.004280243298040099
12 0.5818505338078291 0.5059698130209507 0.004744958481613286 0.004505519261094841
12 0.6040925266903915 0.5102500563189908 0.0025701858442071963 0.004054967334985357
12 0.6030051403716884 0.5298490651047533 0.0035587188612099642 0.0022527596305474207
6 0.5002965599051008 0.47803559360216263 0.00771055753262159 0.027934219418788014
6 0.5156188216686437 0.493016445145303 0.011862396204033215 0.02500563189907637
6 0.5441874258600238 0.5020274836674927 0.006919731119019375 0.01869790493354359
6 0.5648477659153815 0.4944807389051588 0.0071174377224199285 0.01847262897048885
6 0.5830367734282325 0.5066456409101149 0.010280743376828785 0.0198242847488173
6 0.593910636615263 0.5117143500788466 0.010676156583629894 0.019148456859653076
6 0.6045867931988929 0.5237666141022753 0.011466982997232108 0.01757152511826988
6 0.6326611308817714 0.5457310205001127 0.009094503756425464 0.03176391079071863
12 0.6498616053776196 0.560711872043253 0.0055357848952155 0.0027033115566569045
6 0.6487742190589165 0.5480964181121875 0.006128904705417161 0.022527596305474205
6 0.6906880189798339 0.5441540887587294 0.015223408461842626 0.021401216490200495
6 0.7144128113879004 0.49121423744086506 0.015223408461842626 0.012840729894120297
12 0.7246935547647292 0.45629646316738004 0.003756425464610518 0.00878576255913494
6 0.7168841439304072 0.45584591124127055 0.013444049031237644 0.00878576255913494
6 0.7226176354290234 0.4288127956747015 0.011071569790431 0.00653300292858752
6 0.4209173586397786 0.49707141248028835 0.0071174377224199285 0.01419238567244875
6 0.37247924080664296 0.49357963505293984 0.0035587188612099642 0.00765938274386123
6 0.9219058916567814 0.6032890290605992 0.013444049031237644 0.004956071187204325
12 0.48230525899565047 0.45663437711196214 0.0021747726374060894 0.004505519261094841
13 0.051403716884143934 0.08819553953593151 0.002372479240806643 0.0051813471502590676
13 0.06207987346777382 0.09427799053840955 0.0019770660340055358 0.004730795224149583
13 0.08906682483194939 0.0913494030186979 0.0029655990510083037 0.0020274836674926784
13 0.08995650454725188 0.09630547420590223 0.0031633056544088573 0.0020274836674926784
13 0.08778173190984578 0.11894570849290381 0.0035587188612099642 0.0022527596305474207
13 0.08807829181494661 0.11353908537959 0.004151838671411625 0.0022527596305474207
13 0.14956504547251878 0.3230457310205001 0.0049426650850138395 0.0022527596305474207
13 0.1494661921708185 0.3118945708492904 0.0039541320680110716 0.0024780355936021626
13 0.14926848556741795 0.30851543140346926 0.0039541320680110716 0.0024780355936021626
13 0.09519572953736655 0.27968010813246225 0.004151838671411625 0.002928587519711647
13 0.030941083432186635 0.5878576255913494 0.0017793594306049821 0.0051813471502590676
6 0.1805061289047054 0.5676954268979499 0.006326611308817715 0.012615453931065555
6 0.16676551996836694 0.5844784861455282 0.005338078291814947 0.022302320342419465
12 0.24881376037959668 0.580761432755125 0.0049426650850138395 0.003604415408875873
6 0.27006722024515617 0.5584591124127055 0.011862396204033215 0.021175940527145755
6 0.28677342823250296 0.5480964181121875 0.013641755634638196 0.022527596305474205
13 0.28687228153420324 0.4849065104753323 0.0035587188612099642 0.0051813471502590676
12 0.33570581257413995 0.4958323946834873 0.002372479240806643 0.004054967334985357
12 0.3625939106366153 0.4984230682586168 0.0035587188612099642 0.005631899076368551
6 0.3032819296164492 0.540099121423744 0.011862396204033215 0.020500112637981526
6 0.31890075128509293 0.5264699256589322 0.011862396204033215 0.01892318089659833
6 0.329280347963622 0.5189231808965983 0.010873863187030448 0.01959900878576256
6 0.36476868327402134 0.499098896147781 0.007908264136022143 0.011489074115791845
12 0.3863187030446817 0.49324172110835773 0.0019770660340055358 0.003379139445821131
12 0.4357453538948201 0.48670871817977024 0.0031633056544088573 0.003829691371930615
6 0.7255832344800316 0.4056093714800631 0.010676156583629894 0.00653300292858752
6 0.7259786476868327 0.3953593151610723 0.01265322261763543 0.006758278891642262
6 0.7209371293001187 0.36708718179770217 0.010083036773428233 0.007434106780806488
13 0.6757611704230921 0.3736201847262897 0.0035587188612099642 0.0024780355936021626
6 0.9347568208778173 0.25242171660283846 0.01818900751285093 0.006983554854697004
6 0.9319889284302095 0.2721333633701284 0.009094503756425464 0.0063077269655327775
6 0.9346579675761171 0.2772020725388601 0.01166468960063266 0.006983554854697004
6 0.9326809015421115 0.29342194187880155 0.015618821668643732 0.010137418337463393
13 0.9862593910636616 0.3447848614552827 0.0017793594306049821 0.0051813471502590676
6 0.9322854883353104 0.3268754223924307 0.009292210359826018 0.008560486596080198
6 0.9258600237247924 0.3869114665465195 0.02095689996045868 0.012390177968010813
6 0.9275405298536971 0.4118044604640685 0.019968366943455912 0.009011038522189683
6 0.928924476077501 0.42408200045055194 0.01759588770264927 0.0051813471502590676
13 0.9851720047449585 0.4691371930615003 0.0039541320680110716 0.002928587519711647
6 0.9256623171213919 0.44694751070060823 0.014630288651640965 0.0063077269655327775
6 0.9272439699485963 0.45595854922279794 0.01383946223803875 0.005406623113313809
6 0.921807038355081 0.4809641811218743 0.012850929221035983 0.0063077269655327775
6 0.9203242388295769 0.49267853120072086 0.013048635824436536 0.005857175039423294
12 0.9224001581652828 0.48231583690020274 0.004151838671411625 0.0018022077044379365
12 0.9161724001581653 0.49324172110835773 0.0031633056544088573 0.0015769317413831944
12 0.9292210359826019 0.5491101599459338 0.0035587188612099642 0.0020274836674926784
12 0.9058916567813365 0.553728317188556 0.0031633056544088573 0.003604415408875873
12 0.9286279161724001 0.5923631448524442 0.0031633056544088573 0.002928587519711647
12 0.9203242388295769 0.572876774048209 0.0035587188612099642 0.0013516557783284523
6 0.913206801107157 0.5084478486145528 0.01383946223803875 0.006758278891642262
6 0.9141953341241598 0.5310880829015544 0.022143139580862 0.006983554854697004
6 0.9148873072360617 0.5542915070961928 0.022736259391063662 0.005631899076368551
12 0.9317912218268091 0.5937148006307726 0.0039541320680110716 0.0020274836674926784
12 0.9179517595887703 0.5902230232034242 0.0035587188612099642 0.0018022077044379365
6 0.9346579675761171 0.22966884433430954 0.014432582048240411 0.005631899076368551
6 0.9363384737050218 0.2166028384771345 0.009489916963226572 0.004730795224149583
6 0.9351522340846185 0.20207253886010362 0.015025701858442072 0.00991214237440865
6 0.7649268485567418 0.13595404370353684 0.017002767892447607 0.020049560711872045
6 0.7190589165678134 0.3328452354133814 0.013048635824436536 0.00653300292858752
6 0.7213325425069197 0.3059247578283397 0.01166468960063266 0.0063077269655327775
6 0.7320086990905497 0.2725839152962379 0.014037168841439305 0.0063077269655327775
6 0.7436733886911823 0.24577607569272358 0.013641755634638196 0.00991214237440865
6 0.7463424278370897 0.21209731921603964 0.0166073546856465 0.011489074115791845
13 0.7107552392249901 0.13460238792520837 0.005140371688414393 0.004730795224149583
13 0.7090747330960854 0.13651723361117368 0.003756425464610518 0.004054967334985357
12 0.7589956504547252 0.1710970939400766 0.00276789244760775 0.003829691371930615
6 0.7556346381969158 0.16726740256814598 0.018584420719652037 0.01644514530299617
6 0.7591933570581257 0.15724262221220997 0.021352313167259787 0.01667042126605091
12 0.7758995650454725 0.12975895471953142 0.0029655990510083037 0.0031538634827663887
6 0.7700672202451562 0.12637981527371028 0.01542111506524318 0.01531876548772246
6 0.9457295373665481 0.16884433430952916 0.018386714116251483 0.011489074115791845
6 0.7781731909845789 0.11635503491777427 0.011466982997232108 0.01779680108132462
6 0.830367734282325 0.07907186303221446 0.006326611308817715 0.0198242847488173
12 0.8808817714511664 0.06555530524892994 0.0025701858442071963 0.004054967334985357
6 0.861407671016212 0.09123676503717053 0.02095689996045868 0.032439738679882854
6 0.8801897983392646 0.09596756026132011 0.014630288651640965 0.03153863482766389
12 0.9258600237247924 0.08616805586843884 0.0035587188612099642 0.004730795224149583
6 0.9120205614867537 0.10678080648794773 0.019770660340055358 0.02613201171435008
6 0.9368327402135231 0.11308853345348051 0.011269276393831554 0.00991214237440865
6 0.9372281534203243 0.11939626041901329 0.01482799525504152 0.01531876548772246
12 0.9387109529458284 0.14361342644739805 0.0031633056544088573 0.002928587519711647
6 0.9433570581257414 0.13978373507546746 0.023527085804665875 0.019148456859653076
6 0.37000790826413604 0.8648344221671548 0.003361012257809411 0.010813246226627618